1740 402 956 985 352 1767 549 875 70 344 168
1740 402 956 985 352 1767 549 875 116 344 168
1690 2036 6 65 2671 2672 1477 650 707 1630 1631
1698 1041 657 116 66 665 1141 134 43 138 729
1698 1041 657 116 66 665 4979 1336 1076 138 729
658 677 65 3609 1125 1124 577 3465 1918 1609 477
1995 717 2072 2069 148 614 43 450 1370 2337 1167
1995 717 2072 2069 148 614 43 450 344 500 1167
1995 717 2072 2069 148 614 43 450 344 2337 1167
3291 1365 714 95 3694 289 1387 1855 1630 197 823
3291 1365 714 95 3694 289 1387 38 1423 567 823
90 1772 414 1079 5176 1043 2931 1363 3387 494 1898
5551 821 1319 1365 974 328 66 116 450 344 163
5551 821 1319 1365 974 328 66 116 408 195 163
5551 821 1319 1365 974 328 66 116 446 838 344
5551 821 1319 1365 974 328 66 116 446 4242 344
3663 496 2046 2428 365 366 133 513 9159 535 1714
2371 1963 983 36 2232 2028 716 153 1365 2982 446
35 227 441 4093 771 116 1477 99 1125 1124 202
35 227 441 4093 771 116 1477 99 183 2843 202
35 227 441 4093 771 116 1477 99 183 2843 1076
5043 1742 344 2461 283 2384 2088 138 2732 866 771
935 1627 46 2337 1167 1995 43 134 869 1082 382
935 1627 46 2337 1167 1995 43 134 153 90 77
935 1627 46 2337 1167 1995 43 4373 869 1082 382
1652 1357 2416 3 267 276 1257 175 368 900 1280
1652 1357 2416 3 267 276 1257 175 368 2384 1280
2347 515 874 2065 710 786 430 344 7404 8335 677
2347 515 874 2065 710 786 430 344 7404 1016 677
2347 515 874 2065 710 786 430 344 477 658 677
2347 515 874 2065 710 786 430 344 6 65 677
3247 224 3125 5509 3415 827 1270 1194 163 838 344
1078 1134 456 945 328 66 46 1122 133 3695 1077
371 157 2299 175 568 890 1232 2178 2191 1319 86
371 157 2299 175 568 890 1232 2178 2191 1319 86
371 157 2299 175 568 890 1232 2178 2191 1319 86
371 157 2299 175 568 890 1232 2178 2191 1319 86
371 157 2299 175 568 890 1232 2178 9 234 86
371 157 2299 175 568 890 1232 2178 9 234 86
1448 197 823 35 217 3383 4220 827 869 378 3441
1448 197 823 35 217 3383 4220 827 869 480 1181
1206 549 596 209 5042 359 303 24 534 2910 1675
1206 549 596 209 5042 359 303 24 189 178 1675
1206 549 596 209 5042 359 303 24 523 396 109
3 3132 1562 1330 2773 2091 2065 4621 530 57 138
7029 789 1639 1751 1989 904 1379 531 1358 2630 678
7029 789 1639 1751 1989 904 1379 531 57 138 678
7029 789 1639 1751 1989 904 1379 531 1367 138 678
7029 789 1639 1751 1989 904 1379 377 178 138 678
7029 789 1639 1751 1989 904 1379 377 178 138 678
1217 1763 6 946 5169 1795 1310 1094 2672 1477 99
1217 1763 6 946 5169 1795 1310 2569 66 714 4561
2630 678 710 1159 1568 811 353 1714 1084 1225 1358
2630 678 710 1159 1568 811 353 1030 463 1442 1358
1073 4773 1659 495 596 209 1357 2416 1184 43 57
1073 4773 1659 495 596 209 1357 2416 691 43 57
1073 4773 1659 495 596 209 1357 2416 691 663 1067
1073 4773 1659 495 596 209 1357 2416 1124 58 57
1073 4773 1659 495 596 209 1357 2416 691 663 1067
1073 4773 1659 495 596 209 1357 2416 691 43 57
1073 4773 1659 495 596 209 1357 2416 691 43 57
1073 4773 1659 495 596 209 1357 2416 691 663 1067
1073 4773 1659 495 596 209 1357 2416 523 869 57
1073 4773 1659 495 596 209 5042 359 368 43 57
1073 4773 1659 495 596 209 1655 43 967 1575 417
1073 4773 1659 495 596 209 1655 43 1477 99 57
1073 4773 1659 495 596 209 1655 43 1477 56 57
1073 4773 1659 495 596 209 1655 43 860 9 1067
1073 4773 1659 495 596 209 1655 43 987 158 57
4219 2231 535 3465 25 689 129 93 24 189 2001
4219 2231 535 3465 25 221 942 42 914 132 2001
4219 2231 535 3465 25 221 942 283 2044 2166 2001
1956 1515 1367 38 1426 1037 2324 898 2717 76 65
1956 1515 1367 38 1426 1037 2324 898 3975 906 2986
1956 1515 1367 38 1426 1037 2324 1597 1380 76 65
1956 1515 1367 38 1426 1037 663 4825 567 2021 2986
1956 1515 1367 38 1426 1037 663 4825 567 2154 2986
1956 1515 1367 38 1426 1037 663 4825 567 9 2986
1956 1515 1367 38 1426 1037 663 4825 567 1280 3209
1956 1515 1367 38 1426 1037 663 4840 4632 9 2986
1956 1515 1367 38 1426 1037 663 1016 163 1280 3209
1956 1515 1367 38 1426 1037 663 1016 1280 147 876
1956 1515 1367 38 1426 1037 663 1330 1056 479 65
1956 1515 1367 38 1426 1037 663 1330 1331 6 65
1956 1515 1367 38 1426 1037 663 1330 468 2679 2008
1956 1515 1367 38 1426 1037 663 894 744 547 2986
1956 1515 1367 38 1426 1037 663 894 744 1606 65
1956 1515 1367 38 1426 1037 663 894 744 801 425
1956 1515 1367 38 1426 1037 663 894 211 90 77
1956 1515 1367 38 1426 1037 663 146 291 3187 2986
1956 1515 1367 38 1426 1037 663 1067 1429 1280 3209
2531 234 1944 2368 5260 2457 3085 328 66 38 86
2531 234 1944 2368 5260 2457 3085 328 66 1657 86
2531 234 1944 2368 5260 2457 3085 148 614 133 86
2531 234 1944 2368 5260 2457 3085 359 368 133 86
2531 234 1944 2368 5260 2457 3085 359 368 1657 86
2531 234 1944 2368 5260 2457 3085 359 368 239 86
2531 234 1944 2368 5260 2457 3085 359 368 468 86
2531 234 1944 2368 5260 2457 3085 1855 3498 1693 86
2531 234 1944 2368 5260 2457 3085 147 1284 468 86
2531 234 1944 2368 5260 2457 3085 147 467 468 86
2531 234 1944 2368 5260 2457 3085 614 133 86 2531
2531 234 1944 2368 5260 2457 3085 614 133 86 1006
2531 234 1944 2368 5260 2457 3085 614 587 468 86
2531 234 1944 2368 5260 2457 3085 614 43 468 86
2531 234 1944 2368 5260 2457 3085 614 43 515 86
2531 234 1944 2368 5260 2457 2582 1062 468 86 1006
2531 234 1944 2368 5260 2457 2582 1062 468 86 2531
2531 234 1944 2368 5260 2457 301 157 1330 468 86
2531 234 1944 2368 5260 2457 301 209 1655 515 86
307 2781 1074 377 202 378 3 267 1060 101 318
307 2781 1074 377 202 378 3 267 276 1257 3349
307 2781 1074 377 202 378 3441 1448 1441 463 370
307 2781 1074 377 202 378 3441 9 3190 394 318
307 2781 1074 377 202 378 3441 9 5 463 370
307 2781 1074 377 202 378 384 211 5 463 370
307 2781 1074 377 202 378 384 684 25 221 370
307 2781 1074 377 202 378 384 684 567 394 318
307 2781 1074 377 202 378 348 2183 307 101 318
307 2781 1074 377 202 378 348 2183 480 101 318
307 2781 1074 377 202 378 348 132 211 406 318
307 2781 1074 377 202 378 348 76 291 221 370
307 2781 1074 377 202 378 348 441 367 1257 3349
307 2781 1074 377 202 378 348 441 718 101 318
307 2781 1074 377 202 378 348 250 567 394 318
1967 1061 1382 3615 209 1150 163 862 23 2116 1183
48 1356 706 2294 1268 1068 2461 283 34 1684 178
48 1356 706 2294 1268 1068 2461 283 1336 827 368
48 1356 706 2294 1268 1068 2461 283 1336 827 344
48 1356 706 2294 1268 1068 2461 283 1336 827 332
48 1356 706 2294 1268 1068 2461 283 1336 1076 513
48 1356 706 2294 1268 1068 2461 283 1336 838 344
48 1356 706 2294 1268 1068 2461 283 1336 43 334
48 1356 706 2294 1268 1068 2461 283 66 714 500
48 1356 706 2294 1268 1068 2461 283 66 116 344
48 1356 706 2294 1268 1068 2461 283 66 43 334
48 1356 706 2294 1268 1068 2461 283 209 1150 368
48 1356 706 2294 1268 1068 2461 283 1061 1826 2088
48 1356 706 2294 1268 1068 2461 283 2044 527 500
48 1356 706 2294 1268 1068 2461 283 2044 4663 1281
48 1356 706 2294 1268 1068 2461 283 2044 4663 1281
48 1356 706 2294 1268 1068 2461 283 212 838 344
48 1356 706 2294 1268 1068 2461 283 212 54 368
48 1356 706 2294 1268 1068 2461 283 2384 1280 202
48 1356 706 2294 1268 1068 2461 283 2384 1280 2088
48 1356 706 2294 1268 1068 2461 283 427 43 334
1195 178 338 2512 516 979 1310 395 25 221 545
1195 178 338 2512 516 979 1936 175 568 1344 545
1195 178 338 2512 516 979 1936 163 1280 221 545
310 2877 525 6149 5310 2257 1043 2931 744 93 24
310 2877 525 6149 5310 2257 1043 2931 744 93 202
310 2877 525 6149 5310 2257 1043 2931 744 547 178
310 2877 525 6149 5310 2257 1043 2931 744 154 178
310 2877 525 6149 5310 2257 1043 2931 4381 1011 245
310 2877 525 6149 5310 2257 1043 1697 1079 3333 245
310 2877 525 6149 5310 2257 6317 1630 377 202 1412
310 2877 525 6149 5310 2257 6317 1630 377 178 24
310 2877 525 6149 5310 2257 6317 1630 197 823 178
310 2877 525 6149 5310 2257 6317 1630 197 823 202
310 2877 525 6149 5310 2257 6317 1690 874 1124 202
310 2877 525 6149 5310 2257 6317 1690 520 1356 178
310 2877 525 6149 5310 2257 6317 1690 655 862 827
310 2877 525 6149 5310 2257 6317 1690 655 377 178
310 2877 525 6149 5310 2257 6317 1690 655 377 202
310 2877 525 6149 5310 2257 6317 1690 655 1280 202
310 2877 525 6149 5310 2257 6317 1690 495 862 827
310 2877 525 6149 5310 2257 6317 1690 1309 368 178
6263 677 577 1061 1382 1268 1309 43 138 2732 866
1805 138 4373 4374 2198 2257 1043 2931 1075 827 344
1805 138 4373 4374 2198 2257 1043 2931 744 1805 8404
1805 138 4373 4374 2198 2257 1043 1697 3286 430 344
1805 138 4373 4374 2198 2257 6317 2154 2986 25 744
1805 138 4373 4374 2198 2257 6317 2154 2986 368 1370
1805 138 4373 4374 2198 2257 6317 2154 348 240 744
1805 138 4373 4374 2198 2257 6317 1690 1309 368 1370
1805 138 4373 4374 2198 2257 6317 1690 495 216 744
1805 138 4373 4374 2198 2257 6317 1690 495 216 1370
1805 138 4373 4374 2198 2257 6317 1690 520 894 744
1805 138 4373 4374 2198 2257 6317 1690 1248 1669 344
1805 138 4373 4374 2198 2257 6317 1690 520 894 744
1805 138 4373 4374 2198 2257 6317 1690 1016 677 744
1805 138 4373 4374 2198 2257 6317 1690 823 240 744
1805 138 4373 4374 2198 2257 6317 4400 9 838 344
1805 138 4373 4374 2198 2257 6317 4400 9 1076 323
1805 138 4373 4374 2198 2257 6317 5827 9 1076 323
1805 138 4373 4374 2198 2257 6317 5827 9 838 344
3040 3039 154 212 838 1684 403 653 25 221 92
3040 3039 154 212 838 1684 178 2335 1280 221 92
3040 3039 154 212 838 1684 178 1280 202 76 92
3040 3039 154 212 838 1684 178 1280 202 973 92
3040 3039 154 212 838 1684 178 1280 3833 1019 92
3040 3039 154 212 838 1684 178 1280 3833 1982 92
3040 3039 154 212 838 1684 178 1280 221 76 92
3040 3039 154 212 838 1684 178 480 284 76 92
3040 3039 154 212 838 1684 178 480 801 1019 92
3040 3039 154 212 838 1684 178 218 168 1740 92
3040 3039 154 212 838 1684 178 218 348 76 92
4387 4751 1060 3945 1714 3663 1083 1084 480 801 429
3291 8151 431 282 2938 153 757 478 479 1690 823
3291 8151 431 282 2938 153 134 869 1082 202 823
3291 8151 431 282 2938 153 134 869 378 567 823
3291 8151 431 282 2938 153 134 869 480 101 823
3291 8151 431 282 2938 153 134 869 480 1216 823
3291 8151 431 282 2938 153 134 43 155 202 823
3291 8151 431 282 2938 153 134 43 1891 1690 823
3291 8151 431 282 2938 153 134 43 1076 181 823
3291 8151 431 282 2938 153 134 43 1170 1248 823
3291 8151 431 282 2938 153 134 43 1477 99 823
3291 8151 431 282 2938 153 134 43 987 202 823
3291 8151 431 282 2938 153 1388 267 827 197 823
3291 8151 431 282 2938 153 1388 267 827 1515 5014
3291 8151 431 282 2938 153 1388 267 1060 101 823
3291 8151 431 282 2938 153 1365 714 2888 202 823
3291 8151 431 282 2938 153 1365 714 2248 53 823
3291 8151 431 282 2938 153 1365 714 1109 202 823
3291 8151 431 282 2938 153 1365 29 25 221 823
3291 8151 431 282 2938 153 1365 42 942 181 823
3291 8151 431 282 2938 153 1365 42 942 101 823
3291 8151 431 282 2938 153 1365 42 479 1690 823
1869 581 209 1167 7344 5605 1867 2717 76 183 655
1869 581 209 1167 7344 5605 1454 9 1275 178 655
1869 581 209 1167 7344 5605 1454 9 234 86 13
1869 581 209 1167 7344 5605 1454 9 442 2828 680
1869 581 209 1167 7344 5605 1454 9 1067 43 1076
1869 581 209 1167 7344 5605 1454 9 1224 577 655
1869 581 209 1167 7344 5605 1454 9 890 43 1076
1869 581 209 1167 7344 5605 1454 9 1365 2828 680
1869 581 209 1167 7344 5605 1454 9 411 43 1076
1869 581 209 1167 7344 5605 1454 9 411 577 655
1869 581 209 1167 7344 5605 1454 9 2354 43 1076
1869 581 209 1167 4186 626 2897 2557 1365 2828 680
1869 581 209 1167 4186 626 3 338 205 289 3232
1869 581 209 1167 4186 626 3 378 348 2843 1076
1869 581 209 1167 4186 626 3 378 3441 9 1076
1869 581 209 1167 4186 626 3 378 2044 289 3232
4840 3862 266 4435 1800 3084 5631 684 681 1441 455
4840 3862 266 4435 1800 3084 5631 684 567 178 455
4840 3862 266 4435 1800 3084 5631 684 567 2270 663
4840 3862 266 4435 1800 3084 5631 684 567 1429 663
4840 3862 266 4435 1800 3084 5631 684 739 94 663
4840 3862 266 4435 1800 195 284 393 5850 178 455
4840 3862 266 4435 1800 195 284 2484 1060 101 102
4840 3862 266 4435 1800 195 284 2484 1060 396 663
4840 3862 266 4435 1800 195 284 76 318 1441 455
4840 3862 266 4435 1800 195 284 76 92 137 663
4840 3862 266 4435 1800 195 284 76 753 1441 455
4840 3862 266 4435 1800 195 1611 129 93 94 663
4840 3862 266 4435 1800 195 1611 1363 2230 1866 455
4840 3862 266 4435 1800 195 1426 420 43 54 663
4840 3862 266 4435 1800 195 1426 420 43 334 663
4840 3862 266 4435 1800 195 1426 420 479 291 225
4840 3862 266 4435 1800 195 1426 133 869 137 663
4840 3862 266 4435 1800 195 1426 133 513 137 663
4840 3862 266 4435 1800 195 1426 133 368 1554 663
659 4401 4149 2018 549 1280 1309 43 54 838 658
659 4401 4149 2018 549 1280 1309 43 334 838 658
659 4401 4149 2018 549 1280 1309 43 334 477 658
659 4401 4149 2018 549 1280 1309 368 1370 477 658
659 4401 4149 2018 549 1280 1309 368 178 838 658
659 4401 4149 2018 549 1280 403 653 25 1084 3681
659 4401 4149 2018 549 1280 403 4431 653 838 658
659 4401 4149 2018 549 1280 147 126 678 1084 3681
659 4401 4149 2018 549 1280 147 1284 653 838 658
6010 251 394 3927 1801 744 127 1091 2420 215 1405
6010 251 394 3927 1801 744 127 66 1657 215 1405
6010 251 394 3927 1801 744 1606 43 155 202 1220
6010 251 394 3927 1801 744 1606 43 987 202 1220
6010 251 394 3927 1801 744 1606 43 987 202 1220
6010 251 394 3927 1801 744 1606 43 155 202 1220
4012 480 3688 153 1758 1786 1013 328 66 4244 973
4012 480 3688 153 1758 1786 3679 4394 180 163 1653
4012 480 3688 153 1758 1786 3679 344 43 134 2644
4012 480 3688 153 1758 1786 3679 344 43 155 1071
4012 480 3688 153 1758 1786 3679 344 168 202 973
4012 480 3688 153 1758 1786 3679 344 377 202 973
4012 480 3688 153 1758 1786 3679 344 158 11 973
4012 480 3688 153 1758 1786 3679 344 1332 2027 973
4012 480 3688 153 1758 1786 3679 344 676 134 2644
4012 480 3688 153 1758 1786 3679 344 7404 8335 5885
4012 480 3688 153 1758 1786 3679 344 66 4244 973
4012 480 3688 153 1758 1786 3679 344 48 155 1071
4012 480 3688 153 1758 1786 3679 344 701 2027 973
4012 480 3688 153 1758 1786 3679 344 163 155 1071
4012 480 3688 153 1758 1786 3679 344 1167 1429 1653
4012 480 3688 153 1758 1786 3679 344 2337 1167 1653
4012 480 3688 153 1758 1786 3679 344 47 48 973
1448 197 3048 506 1280 5225 446 2371 1072 1356 3441
1448 197 3048 506 1280 5225 446 4242 319 480 1181
1448 197 3048 506 1280 5225 446 967 116 523 3441
1448 197 3048 506 1280 5225 446 838 1971 157 1317
1448 197 3048 506 1280 5225 446 838 962 528 1317
1448 197 3048 506 1280 5225 446 2593 1082 202 35
1448 197 3048 506 1280 5225 446 26 178 480 1181
1448 197 3048 506 1280 5225 446 178 24 2784 1317
1448 197 3048 506 1280 5225 446 178 24 523 3441
1448 197 3048 506 1280 5225 446 178 1530 1356 3441
1448 197 3048 506 1280 5225 446 178 234 1126 35
1448 197 3048 506 1280 5225 446 178 3392 3602 1317
1448 197 3048 506 1280 5225 446 178 1109 202 35
1448 197 3048 506 1280 5225 446 178 48 1356 3441
1448 197 3048 506 1280 5225 446 178 25 221 35
1448 197 3048 506 1280 5225 446 137 717 480 1181
1448 197 3048 506 1280 5225 446 137 663 157 1317
1448 197 3048 506 1280 5225 446 137 862 523 3441
1448 197 3048 506 1280 5225 54 359 368 1307 1317
42 420 479 199 293 138 2972 1357 2416 3020 1365
42 420 479 199 293 138 1725 54 227 163 1365
42 420 479 199 293 138 1725 54 155 202 35
42 420 479 199 293 138 1725 54 155 202 431
42 420 479 199 293 138 1725 54 838 1280 221
42 420 479 199 293 138 1725 54 663 208 1365
42 420 479 199 293 138 1725 54 663 208 221
42 420 479 199 293 138 1725 54 368 239 942
42 420 479 199 293 138 1725 54 368 1657 1365
42 420 479 199 293 138 1725 54 368 178 1365
42 420 479 199 293 138 1725 2019 1429 1280 221
42 420 479 199 293 138 1725 328 66 1657 1365
42 420 479 199 293 138 1725 1955 57 227 431
42 420 479 199 293 138 1725 1955 1956 1515 5014
42 420 479 199 293 138 516 979 1936 153 1365
42 420 479 199 293 138 516 979 1936 163 1365
42 420 479 199 293 138 516 979 1310 2269 942
42 420 479 199 293 138 516 979 1310 2269 1365
42 420 479 199 293 138 516 979 495 216 251
42 420 479 199 293 138 516 66 614 722 360
1186 1559 5169 57 227 431 293 138 678 763 274
1186 1559 5169 57 227 431 293 289 45 567 650
1186 1559 5169 57 227 431 293 289 138 678 650
1186 1559 5169 57 227 431 293 289 45 567 650
1186 1559 5169 57 227 431 293 722 138 678 650
1186 1559 5169 57 227 431 42 1257 378 567 650
1186 1559 5169 57 227 431 42 65 1884 1477 650
1186 1559 5169 57 227 431 42 65 155 202 650
1186 1559 5169 57 227 431 42 65 1081 202 650
1186 1559 5169 57 227 431 42 196 43 1477 650
1186 1559 5169 57 227 431 42 942 762 3470 274
1186 1559 5169 57 227 431 42 942 101 1818 650
1186 1559 5169 57 227 431 42 942 101 102 650
1186 1559 5169 57 227 431 42 942 289 567 650
1186 1559 5169 57 227 431 42 420 43 1477 650
1186 1559 5169 57 227 431 42 681 138 678 650
1257 1710 1380 76 92 43 2324 898 2717 1082 42
1257 1710 1380 76 92 43 967 827 200 201 286
1257 1710 1380 76 92 43 967 827 368 178 24
1257 1710 1380 76 92 43 967 827 368 2469 276
1257 1710 1380 76 92 43 967 827 1275 178 24
1257 1710 1380 76 92 43 967 827 1515 5014 42
1257 1710 1380 76 92 43 967 827 869 360 42
1257 1710 1380 76 92 43 967 827 869 1082 42
1257 1710 1380 76 92 43 967 827 869 480 601
1257 1710 1380 76 92 43 967 827 869 448 1391
1257 1710 1380 76 92 43 967 827 266 1061 276
1257 1710 1380 76 92 43 967 827 266 267 276
1257 1710 1380 76 92 43 967 116 446 178 24
1257 1710 1380 76 92 43 967 116 1268 717 3079
1257 1710 1380 76 92 43 967 116 446 178 24
1257 1710 1380 76 92 43 967 116 523 1061 276
1257 1710 1380 76 92 43 967 116 494 360 42
1257 1710 1380 76 92 43 967 116 2774 480 601
1257 1710 1380 76 92 43 967 5413 163 1365 42
1257 1710 1380 76 92 43 967 1177 1275 178 24
1257 1710 1380 76 92 43 967 427 468 717 3079
1159 1503 4087 810 811 786 430 384 684 1055 710
1159 1503 4087 810 811 786 430 205 289 45 710
1159 1503 4087 810 811 786 430 205 289 45 710
1159 1503 4087 810 811 786 430 205 289 1365 29
1159 1503 4087 810 811 786 430 344 1009 495 710
1159 1503 4087 810 811 786 430 344 479 273 710
1159 1503 4087 810 811 786 430 344 163 1365 29
1159 1503 4087 810 811 786 430 344 1826 1365 29
1159 1503 4087 810 811 786 430 344 500 495 710
1159 1503 4087 810 811 786 430 344 43 495 710
1159 1503 4087 810 811 430 384 684 681 127 423
1159 1503 4087 810 811 430 384 684 681 0 710
1159 1503 4087 810 811 430 384 684 681 103 735
1159 1503 4087 810 811 430 384 684 1630 1365 29
1159 1503 4087 810 811 430 384 684 567 368 29
1159 1503 4087 810 811 430 384 684 5998 528 613
1159 1503 4087 810 811 430 384 211 5 1365 29
1159 1503 4087 810 811 430 384 211 175 368 29
1159 1503 4087 810 811 430 384 211 90 127 423
1159 1503 4087 810 811 430 384 211 175 368 29
935 1627 2416 146 291 538 1309 368 133 175 382
935 1627 2416 146 291 538 1309 368 43 1076 382
935 1627 2416 146 291 538 1309 368 1657 537 382
935 1627 2416 146 291 538 1309 368 1657 4651 382
935 1627 2416 146 291 538 1309 368 214 537 382
935 1627 2416 146 291 538 1309 368 178 537 382
935 1627 2416 146 291 538 1309 43 967 66 382
935 1627 2416 146 291 538 1309 43 1477 650 382
935 1627 2416 146 291 538 1309 43 450 1370 382
935 1627 2416 146 291 538 1309 43 1089 90 77
935 1627 2416 146 291 538 1309 43 334 2291 382
935 1627 2416 146 291 538 1309 43 515 66 382
935 1627 2416 146 291 456 3424 1380 283 66 382
935 1627 2416 146 291 456 457 1922 289 45 382
935 1627 2416 146 291 456 457 1922 289 537 382
935 1627 2416 146 291 456 457 1922 289 45 382
935 1627 2416 146 291 456 813 898 3975 537 382
935 1627 2416 146 291 456 813 898 1666 3949 382
763 157 415 3085 148 1460 46 2481 38 138 678
763 157 415 3085 148 2428 215 133 717 138 678
763 157 415 3085 148 2428 215 133 43 138 678
763 157 415 3085 148 2428 215 43 334 138 678
763 157 415 3085 148 2428 215 43 60 138 678
763 157 415 3085 148 2428 215 43 2684 1 678
763 157 415 3085 148 2428 215 43 57 138 678
763 157 415 3085 148 2428 215 43 1076 138 678
763 157 415 3085 148 2428 215 428 43 138 678
763 157 415 3085 148 2428 215 1714 3663 138 678
763 157 415 3085 148 2428 215 1405 289 138 678
763 157 415 3085 148 2428 215 1405 289 3232 188
763 157 415 3085 148 2428 215 1405 1687 138 678
763 157 415 3085 148 2428 526 516 812 138 678
1885 1380 76 318 307 266 267 827 332 43 334
1885 1380 76 318 307 266 267 827 344 43 334
1885 1380 76 318 307 266 267 827 368 43 334
1885 1380 76 318 307 266 267 276 283 427 334
1885 1380 76 318 307 266 267 276 253 43 334
1885 1380 76 318 307 266 267 1060 4752 43 334
1885 1380 76 318 307 266 267 1060 332 43 334
1885 1380 76 318 307 266 267 1060 4079 523 396
1885 1380 76 318 307 266 267 1060 101 240 396
1885 1380 76 318 307 266 267 1060 598 43 334
1885 1380 76 318 307 266 267 1060 57 43 334
1885 1380 76 318 307 266 1061 276 253 43 334
1885 1380 76 318 307 266 1061 276 283 427 334
1885 1380 76 318 307 266 1061 296 134 43 334
1885 1380 76 318 307 266 1061 614 587 1112 334
1885 1380 76 318 307 266 1061 614 133 43 334
1885 1380 76 318 307 266 1061 1657 5323 43 334
967 116 523 1298 928 212 54 368 365 133 43
967 116 523 1298 928 212 54 368 365 133 577
967 116 523 1298 928 212 54 368 365 366 43
967 116 523 1298 928 212 54 368 877 2384 2088
967 116 523 1298 928 212 54 368 877 1302 43
967 116 523 1298 928 212 54 368 588 4002 43
967 116 523 1298 928 212 54 368 588 134 43
967 116 523 1298 928 212 54 368 900 967 66
967 116 523 1298 928 212 54 368 900 967 1177
967 116 523 1298 928 212 54 368 900 1280 446
967 116 523 1298 928 212 54 368 900 1280 2088
967 116 523 1298 928 212 54 368 3 378 577
967 116 523 1298 928 212 54 368 2512 516 66
967 116 523 1298 928 212 54 368 214 202 446
967 116 523 1298 928 212 54 368 214 1302 43
967 116 523 1298 928 212 54 368 1657 215 43
967 116 523 1298 928 212 54 368 1657 215 577
967 116 523 1298 928 212 54 368 1657 5323 43
967 116 523 1298 928 212 54 368 1657 43 1477
2877 525 137 1460 46 2337 1167 1016 2027 2983 344
2877 525 137 1460 46 2337 1167 1016 163 838 344
2877 525 137 1460 46 2337 1167 1016 1280 202 310
2877 525 137 1460 46 2337 1167 827 332 2440 344
2877 525 137 1460 46 2337 1167 827 1275 178 310
2877 525 137 1460 46 2337 1167 827 200 430 344
2877 525 137 1460 46 2337 1167 827 368 178 310
2877 525 137 1460 46 2337 1167 827 368 838 344
2877 525 137 1460 46 2337 1167 1653 131 827 344
2877 525 137 1460 46 2337 1167 1653 131 827 310
2877 525 137 1460 46 2337 1167 1310 2269 116 344
2877 525 137 1460 46 2337 1167 1310 66 116 344
2877 525 137 1460 46 2337 1167 1335 987 202 310
2877 525 137 1460 46 2337 1167 1995 43 450 344
2877 525 137 1460 46 2337 1167 1429 1280 202 310
2877 525 137 1460 46 2337 1167 1429 368 838 344
2877 525 137 1460 46 2337 1167 1429 368 178 310
2877 525 137 1460 46 2337 1167 1308 1194 450 344
3666 8085 4324 5320 43 5793 1122 69 202 1938 1099
3666 8085 4324 5320 43 5793 1122 360 1958 289 1099
3666 8085 4324 5320 43 5793 1122 360 942 289 1099
3666 8085 4324 5320 43 5793 1122 360 3217 289 1099
3666 8085 4324 5320 43 6 65 872 1982 92 1099
3666 8085 4324 5320 43 6 65 872 66 714 1099
3666 8085 4324 5320 43 6 65 1081 202 1938 1099
3666 8085 4324 5320 43 6 65 677 744 289 1099
3666 8085 4324 5320 43 6 65 1336 25 289 1099
5628 5318 43 467 1200 168 202 378 2044 527 1301
4285 2717 1082 202 963 138 678 650 3132 1562 3850
729 1698 1041 657 116 450 323 2100 479 681 138
729 1698 1041 657 116 450 323 2100 5323 43 138
729 1698 1041 657 116 450 323 209 1655 43 138
729 1698 1041 657 116 450 323 209 1167 1335 138
729 1698 1041 657 116 450 323 209 1150 363 138
729 1698 1041 657 116 450 1370 477 658 677 138
729 1698 1041 657 116 450 1370 1795 751 162 138
729 1698 1041 657 116 450 1370 1795 1310 137 138
729 1698 1041 657 116 450 1370 2337 1167 1335 138
729 1698 1041 657 116 450 1370 1216 1275 178 138
729 1698 1041 657 116 450 1370 1216 1275 178 1513
729 1698 1041 657 116 450 1370 1216 1275 178 138
729 1698 1041 657 116 450 1370 1216 446 137 138
729 1698 1041 657 116 450 1370 1216 446 178 1513
729 1698 1041 657 116 450 1370 1216 446 178 138
729 1698 1041 657 116 450 1370 1216 446 178 138
729 1698 1041 657 116 450 1370 1216 2457 1367 138
729 1698 1041 657 116 450 1370 1216 6318 38 138
729 1698 1041 657 116 450 1370 1216 1061 1826 138
4970 1380 2536 985 352 1767 43 411 1309 368 178
4970 1380 2536 985 352 1767 43 411 568 2017 178
