157 2457 1367 1502 60
1477 2273 116 134 43
587 1367 38 224 614
4431 653 25 929 403
509 3415 827 266 716
705 2191 1319 684 681
5 1368 409 200 95
4561 1217 513 66 714
6227 1655 1429 368 1253
2120 979 1936 2178 2191
1246 2080 25 289 1948
1246 2080 25 221 1948
1246 2080 25 221 62
1246 3881 188 185 1948
2443 47 267 827 266
2443 47 283 66 714
1984 472 5137 132 211
1984 472 479 350 471
1984 472 479 291 221
323 2100 577 967 450
323 2100 5323 43 450
323 2100 5323 43 1076
323 1821 796 1788 1789
1205 663 894 990 2354
2406 942 291 3187 2986
1719 2116 54 838 344
1719 2116 1183 116 344
1493 6377 1121 276 1257
1493 6377 1121 276 1257
8839 1071 215 43 1328
415 3085 148 2428 2029
415 3085 614 43 157
1675 43 334 411 568
1675 43 334 377 178
1675 43 334 534 2910
384 211 5 463 430
384 211 6108 331 276
384 211 90 77 378
384 211 1568 811 430
3695 428 43 1477 133
3695 428 43 1122 133
3695 428 43 1122 133
1320 1690 823 202 1602
1320 1690 2420 133 368
748 749 56 879 624
748 749 253 555 1082
748 749 56 879 624
6263 677 138 2732 866
154 239 942 181 744
154 239 1124 1121 744
1175 262 226 906 494
1377 92 43 1076 35
1377 92 93 202 35
378 178 218 196 8503
378 178 218 168 202
587 209 1150 1742 344
587 209 1150 163 696
2261 43 1076 479 1308
2261 43 987 202 1308
1603 175 382 450 344
1603 175 382 116 344
1603 175 568 1669 344
1935 676 1207 133 568
1935 676 677 65 2088
291 456 3424 1380 76
291 456 266 284 76
291 3187 360 2162 479
291 3187 360 385 479
291 3187 360 385 76
291 3187 360 42 479
291 3187 360 42 942
291 3187 360 2400 479
291 3187 372 284 76
291 3187 372 2717 76
291 3187 372 53 1837
291 3187 372 569 1015
291 3187 372 5691 787
291 3187 289 138 1614
291 3187 289 1099 76
291 3187 2986 2406 942
291 3187 9 1076 479
291 3187 9 78 479
291 3187 2062 1380 76
291 3187 3441 1448 197
7437 1714 1084 1365 714
7437 1714 1084 1365 714
2581 1088 485 90 77
2581 1088 628 43 1089
2581 1088 363 43 1089
2581 1088 202 973 1089
2581 1088 202 717 3464
313 1976 428 43 334
116 2774 480 1606 66
116 2774 480 47 48
116 2774 480 101 5225
116 2774 480 368 875
116 2774 480 368 48
116 2774 480 368 657
116 666 2298 1477 2273
116 666 2298 1477 967
116 666 138 516 66
116 666 138 2416 657
116 461 1737 5225 66
116 60 157 2457 657
116 60 138 2416 657
116 60 138 516 66
116 60 1876 577 967
116 344 995 57 1659
116 344 995 468 657
116 344 973 4012 875
116 344 973 66 382
116 344 973 66 967
412 363 43 1076 411
412 363 43 1477 411
412 363 43 334 411
412 363 214 368 411
412 363 43 1477 411
412 363 43 1076 411
412 363 43 334 411
412 363 214 368 411
412 363 214 368 411
412 363 43 1076 411
412 363 43 334 411
412 363 43 1477 411
412 2428 215 43 411
412 363 43 1076 411
412 363 43 334 411
412 363 43 1477 411
412 363 214 368 411
162 60 138 678 163
162 1606 66 382 234
162 1606 43 334 163
162 1606 43 1061 1657
162 1606 526 208 163
162 1606 526 208 234
162 1606 65 66 1657
162 1606 1971 1061 1657
162 1606 577 655 234
162 1606 577 1061 1657
162 1606 43 1061 1657
162 1606 43 334 163
162 1606 197 291 163
162 1606 197 291 163
162 2991 137 862 163
162 2991 54 227 163
162 2991 54 368 1657
162 2991 1742 344 163
162 2991 54 368 1657
1147 567 368 875 2025
1147 567 549 875 2025
1867 2717 76 753 53
354 355 202 784 744
354 355 202 1816 744
354 355 202 25 744
354 355 202 240 744
5275 1360 827 368 1320
5275 1360 202 1602 1320
1867 2717 76 753 53
2020 163 1280 1167 1429
2020 163 162 1167 1429
2649 240 1770 1091 902
2649 1441 455 1091 902
2649 2211 202 963 70
2649 2211 202 378 348
2649 2211 202 33 348
2649 181 471 33 348
2649 181 823 821 902
2649 181 182 942 348
823 549 25 289 567
823 549 8 9 1690
823 549 8 9 1248
823 549 963 45 567
823 549 963 70 1216
823 549 550 479 1690
823 549 875 70 1216
823 549 131 827 197
823 981 293 289 567
823 981 479 291 221
823 981 479 1690 1248
823 981 787 291 221
823 35 2781 717 1248
823 35 2781 717 1248
823 35 25 289 567
5176 5691 787 408 195
4959 43 987 202 520
4959 43 1891 1690 520
4959 43 1891 1690 520
4959 43 468 588 520
4959 43 155 202 520
1606 1971 138 717 480
1606 1971 138 483 480
1606 1971 1061 1657 162
1606 1971 1061 1657 162
1606 197 291 798 744
1606 197 291 163 162
1606 197 291 163 162
1606 197 291 163 162
1606 197 291 163 162
1606 197 291 221 159
1606 197 823 178 480
1606 197 823 240 744
1606 43 1061 1657 162
1606 43 1061 1657 162
1606 43 495 216 744
1606 43 4373 869 480
1606 43 134 869 480
1606 43 334 163 162
1606 43 334 163 162
1606 43 334 894 744
1606 43 468 894 744
1739 116 446 178 24
1739 116 446 178 24
1739 116 446 178 24
1739 116 446 178 24
1739 116 446 178 24
1739 116 446 178 24
2860 334 138 678 111
2860 334 2291 382 2859
2860 334 860 1275 491
2860 334 534 986 111
2860 334 534 1275 491
2860 334 1597 1632 111
506 1280 202 338 111
506 1280 221 245 1372
506 1280 446 2593 1082
506 1280 1839 869 1082
862 468 681 0 495
862 468 588 1125 495
862 468 894 1268 137
862 468 894 29 495
862 468 894 744 137
862 468 657 116 1336
862 890 43 334 163
862 890 43 334 137
862 890 43 334 1336
862 890 43 2273 495
862 890 43 1076 1336
862 890 43 1891 495
862 827 368 178 495
862 827 368 178 655
862 827 368 43 495
862 827 368 29 495
862 827 368 48 587
862 827 368 180 163
862 827 368 877 655
862 827 266 378 137
2954 392 1061 276 879
2954 392 1257 303 2146
2954 392 1257 6377 1121
2954 392 1257 495 216
1009 495 862 827 344
1009 495 216 26 178
1009 495 216 534 1621
1627 450 1370 382 935
1627 2416 1124 202 1412
843 577 2298 1477 99
1935 676 1207 133 568
1935 676 677 65 2088
3498 1693 534 1061 1368
1429 213 368 178 1167
1429 213 368 900 1167
1429 213 1268 209 1167
1429 213 1268 209 1655
1429 213 4079 876 877
1429 213 4079 523 1167
1429 1280 1309 368 877
1429 1280 202 523 1167
1429 1280 202 378 567
1429 1280 2088 9 1067
1429 1280 221 45 1067
1429 1280 221 45 567
1429 1280 221 159 1167
1429 1280 3066 2191 567
1429 1280 137 663 1067
1429 1280 137 209 1655
1429 1280 137 209 1167
1429 1280 751 162 1167
1429 1280 54 368 877
397 289 567 823 240
397 289 567 1280 221
397 289 567 523 396
397 289 1060 25 221
397 289 1060 101 240
397 289 97 103 396
823 293 138 717 1248
823 293 289 45 567
823 293 289 567 181
823 293 289 45 567
823 293 289 1060 101
823 5143 139 378 567
823 5143 139 480 1216
823 5143 139 480 101
823 240 744 801 1690
823 240 744 1772 2284
823 240 744 93 202
823 240 744 1606 197
823 240 744 289 567
823 240 14 474 197
823 240 396 1630 197
823 240 396 987 202
823 240 396 1690 1248
823 240 396 9 1690
393 175 568 283 284
393 175 568 33 284
393 5850 178 480 284
393 5850 178 283 284
393 175 568 33 284
393 175 568 283 284
393 978 204 283 284
1709 1218 1060 396 4905
1709 1218 1060 396 4905
1499 249 197 291 221
313 1976 428 43 334
313 1976 428 43 334
101 1818 650 2807 718
101 57 543 1380 480
101 57 543 6217 480
101 57 543 463 1442
101 57 138 717 480
101 57 138 717 718
101 57 138 483 480
101 57 43 1076 480
101 57 43 1076 1060
101 57 43 483 480
101 57 1441 463 1442
101 57 227 441 718
101 241 4354 257 718
101 241 4354 257 480
101 240 397 289 1060
101 240 14 635 1060
101 240 744 4414 480
101 240 744 154 480
101 240 744 289 1060
101 240 1568 289 1060
1275 178 138 717 94
1275 178 746 783 94
1275 178 1280 1167 827
1275 178 1280 2088 9
1275 178 1280 3833 1982
1275 178 495 862 827
1275 178 495 216 534
1275 178 1279 1280 221
1275 178 310 1330 1177
1275 178 1409 9 860
1275 178 1409 47 1216
1275 178 1409 4632 9
1275 178 56 879 527
1275 178 118 928 9
1275 178 480 47 1216
3986 1336 43 2273 116
3986 1336 43 967 116
3986 1336 43 1076 382
3986 1336 1076 872 4979
3986 1336 1076 382 116
3986 1336 1076 1659 116
3986 1336 283 66 116
3986 1336 283 66 382
3986 1336 4051 2827 116
3986 1336 4051 1112 116
3986 1336 862 657 116
3986 1336 862 665 4979
3986 1336 862 2827 116
3986 1336 862 1112 116
3232 188 400 504 289
3232 188 185 3694 289
3232 188 480 3217 289
3232 188 216 744 289
3232 188 216 25 289
3232 188 1336 25 289
3232 188 763 2044 289
714 7436 1714 1084 1365
714 7436 1714 1084 1365
714 1109 2250 1019 1365
714 1109 821 1319 1365
714 1109 821 396 66
714 1109 821 289 1365
714 1109 821 1319 1365
714 1109 202 163 1365
714 1109 202 973 66
714 1109 202 35 1365
714 1109 202 330 1365
714 1109 202 153 1365
714 2443 47 283 66
714 500 138 516 66
714 500 1308 515 66
714 500 48 973 66
714 500 48 5 1365
714 500 48 116 66
714 500 587 208 1365
714 500 523 1657 1365
714 500 523 396 66
1280 4191 2046 180 163
1280 137 663 208 838
1280 137 663 208 163
1280 137 663 1067 1429
1280 137 663 4825 567
1280 137 663 1016 163
1280 137 862 163 838
1280 137 862 209 1150
1280 137 138 2732 866
1280 137 138 678 163
1280 137 209 1150 163
1280 137 209 1167 1016
1280 137 209 1167 1429
1280 137 209 1655 1429
1280 137 929 283 2384
1280 1167 1653 869 900
1280 1167 1335 987 202
1280 1167 1310 2269 163
1189 587 213 368 1657
1189 587 213 368 178
1189 587 520 1356 178
1189 587 862 523 1657
1189 1570 545 1195 178
1189 1570 43 1061 1657
1189 1570 333 446 178
1189 1570 1248 823 178
1189 1570 48 1356 178
1189 1570 523 1061 1657
1189 1570 368 1253 1657
1189 1570 427 1253 1657
1189 1570 2191 567 178
1189 1767 549 1061 1657
1189 1767 43 1061 1657
1189 587 520 1356 178
748 749 56 879 624
748 749 253 555 1082
748 749 56 879 624
2162 479 291 3187 360
2162 479 350 196 360
2162 479 218 196 360
2162 479 273 978 204
2162 479 5819 196 360
2100 577 967 450 323
2100 577 1658 691 692
2100 577 2298 1477 411
2100 577 1061 1657 7404
2100 479 1690 1019 411
2100 479 326 344 7404
2100 479 350 363 692
2100 479 65 792 692
2100 479 65 792 411
2100 479 65 872 692
2100 479 1308 368 411
2100 479 273 86 411
2100 479 350 363 692
2100 479 65 872 692
2100 479 65 792 692
2100 479 65 792 411
2100 479 326 344 7404
2100 479 1690 1019 411
2100 479 1308 368 411
587 3894 577 1061 614
587 1367 138 2732 500
587 1367 138 2732 866
587 1367 138 678 163
587 1367 38 138 2416
587 1367 38 224 614
587 208 213 368 48
587 208 213 4079 163
587 208 213 2249 696
587 208 838 1280 2088
587 208 838 1971 614
587 208 838 658 163
587 208 838 344 500
587 208 838 344 48
587 208 838 344 163
587 208 163 1280 2088
587 208 163 1653 614
4452 879 202 35 217
4452 879 202 537 94
4452 879 202 93 94
4452 879 202 717 94
4452 879 527 2653 217
5259 1170 43 54 1036
5259 1170 43 54 1036
5259 967 66 2702 2370
887 525 382 134 153
887 525 441 202 153
887 525 441 609 153
441 183 2843 168 202
441 183 2843 289 253
441 183 2843 990 86
441 183 2843 202 2122
441 183 2843 1693 86
441 183 655 234 86
441 183 655 1280 202
441 183 655 377 202
441 4093 3719 43 483
441 4093 771 43 483
441 609 485 431 202
441 609 485 90 253
441 609 2843 1693 86
441 609 2843 168 202
441 609 2843 202 2122
441 609 2843 990 86
441 609 2843 289 253
441 609 360 942 348
441 609 90 196 195
2995 9 1076 595 3902
