1068 2461 283 284 76 291
1056 164 531 1358 663 1330
1194 5260 2457 3085 147 876
1477 2273 116 134 43 1089
2281 1244 3079 1257 378 348
323 2100 5323 43 967 450
1666 706 2294 2986 368 239
6839 1586 333 446 4242 1229
509 3415 827 344 47 749
705 2191 1319 684 567 681
705 2191 1319 513 468 681
705 2191 1319 1365 42 681
1284 4244 1275 178 1280 147
688 5254 1682 3601 1280 202
688 5254 1682 227 441 202
688 5254 1682 227 431 202
688 3470 580 153 987 202
326 344 3247 168 550 479
326 344 3247 168 550 479
326 344 2293 360 2400 479
5837 2951 25 670 344 516
5837 2951 25 221 92 516
2889 248 90 77 1570 1326
2684 1225 8 9 890 43
2684 1225 8 9 1076 43
2684 1225 8 9 411 43
2684 1225 8 9 2354 43
2299 175 333 446 529 157
2299 175 596 209 1150 577
2299 175 382 792 411 577
3914 1037 3941 827 344 676
5 1368 3498 1693 86 411
5 1368 3498 1693 534 48
5 1368 894 990 523 396
5 1368 894 990 86 411
696 568 57 43 334 163
696 568 57 43 213 2249
643 79 90 253 1121 18
4561 1217 513 153 1365 714
6227 1655 515 1738 368 1253
6227 1655 1429 213 368 1253
587 468 86 3247 224 614
587 468 86 3247 38 614
773 684 441 202 1441 455
2278 62 1246 3881 1478 1061
1655 692 1738 368 134 2644
1655 692 1738 368 178 209
1655 692 1738 368 877 209
1655 692 1738 368 877 1430
1635 577 1061 276 5204 289
1110 376 250 567 502 92
2378 1714 1084 12 1721 67
1010 1496 1972 208 221 45
1010 1496 1972 208 221 45
3007 348 38 86 25 221
3007 348 2843 202 25 221
2120 411 43 1076 595 2191
2120 411 43 1089 90 77
2120 979 1936 153 90 77
1246 2080 835 1693 534 986
1246 2080 25 221 35 1948
1246 2080 25 26 178 62
1246 2080 25 744 289 1948
1246 2080 197 823 178 62
1246 2080 197 823 35 1948
1246 2080 197 291 221 62
1246 2080 197 291 221 1948
1246 3881 1478 1061 2278 62
1246 3881 188 4849 178 62
1246 3881 188 216 534 986
1246 3881 188 185 221 1948
1246 3881 188 185 221 62
1246 1247 175 368 178 62
1246 1247 175 568 178 62
1246 2080 835 1693 534 986
1246 2080 197 823 178 62
4891 289 253 577 4013 211
4891 289 1060 25 1084 1768
4891 289 1060 101 894 211
4891 289 1365 42 479 211
4891 289 1635 577 4013 211
4891 289 45 276 384 211
4891 289 567 3139 479 211
4891 289 567 520 894 211
2443 47 267 276 330 266
2443 47 283 1336 827 266
2443 47 283 1336 456 266
2443 47 283 427 334 1789
2443 47 283 1319 1365 714
2443 47 749 253 1121 266
2443 47 350 153 1365 714
2443 47 1216 18 13 1789
2443 47 1216 65 66 714
2443 47 57 43 495 216
2443 47 57 43 334 1789
2443 47 57 1659 495 216
2443 47 48 116 66 714
2443 47 48 5 1365 714
2443 47 48 973 66 714
2443 5981 1244 753 53 1217
323 2100 479 603 2843 1076
323 2100 479 65 1336 1076
323 2100 479 283 1336 1076
323 2100 479 283 427 450
323 2100 479 1308 2261 450
323 2100 479 1308 1194 450
323 2100 479 1308 1404 450
323 2100 577 23 591 450
323 2100 577 967 427 450
323 2100 577 967 116 450
323 2100 5323 43 967 450
323 2100 5323 43 334 1789
323 1821 796 1944 43 1076
323 1821 796 1944 43 450
323 1821 796 428 43 450
323 1821 796 428 43 1076
323 1821 796 614 43 450
1205 587 209 1167 1653 1204
1205 587 862 163 1653 1204
1205 587 468 894 990 2354
1205 587 208 163 1653 1204
1205 587 1112 133 4096 1133
1205 587 520 2469 987 6191
1205 587 520 894 990 2354
1205 663 1067 1429 1653 1204
1205 663 1067 43 987 6191
1205 663 1067 43 467 6191
1205 663 1067 43 1076 2354
1205 663 1016 163 1653 1204
1205 663 208 163 1653 1204
1205 663 4825 567 9 2354
1205 663 4840 4632 9 2354
2406 942 762 253 555 2986
2406 942 286 1257 547 2986
2406 942 42 1257 547 2986
2406 942 291 3187 9 2986
2406 942 65 2088 9 2986
2406 942 4353 253 555 2986
2406 942 289 567 2154 2986
2406 942 289 567 9 2986
2406 942 289 567 2021 2986
2406 942 289 253 555 2986
942 65 2069 658 368 239
942 65 2069 658 368 239
942 65 3609 1125 1124 217
942 65 2019 1429 368 239
942 65 2019 1429 1280 221
942 65 1081 202 537 94
942 65 1081 202 431 42
942 65 1081 202 717 94
942 65 1081 202 93 94
942 65 1081 202 35 217
942 65 1081 202 35 42
942 65 1081 202 35 360
942 65 1081 202 1280 221
942 65 1081 202 25 221
942 65 1081 2717 1082 42
942 65 2615 153 1365 42
942 65 142 1131 537 94
942 65 142 127 423 360
942 65 1956 1515 5014 42
942 65 1956 1167 1310 2269
942 65 1884 138 717 94
666 138 4373 869 378 567
666 138 678 577 967 116
666 138 678 1084 188 116
666 138 678 1041 657 116
666 138 678 650 382 116
666 138 678 111 48 5
666 138 678 111 48 116
666 138 2732 523 657 116
666 138 2732 523 396 5
666 138 2732 500 411 5
666 138 2732 500 48 5
666 138 2732 500 48 116
666 138 2732 1575 3062 5
666 138 2732 866 771 116
666 138 2732 866 9 5
666 138 1614 293 289 567
666 138 1614 291 657 116
666 138 1426 133 513 3044
666 138 717 1248 1669 5
666 138 717 468 657 116
666 138 628 38 1423 567
5778 377 543 2440 723 1076
5778 377 365 366 43 1076
5778 377 365 133 43 1076
5778 377 202 823 43 1076
5778 377 202 628 43 1076
5778 377 202 35 43 1076
5778 377 202 372 43 1076
5778 377 202 155 43 1076
5778 377 202 1441 43 1076
5778 377 202 8 9 1076
5778 377 202 4400 9 1076
5778 377 990 2354 43 1076
5778 377 178 2800 43 1076
5778 377 178 2800 9 1076
5778 377 178 1409 9 1076
5778 377 178 283 1336 1076
5778 377 178 1675 43 1076
5778 377 178 2800 43 1076
5778 377 178 2800 9 1076
5778 377 178 2800 43 1076
5778 377 178 2800 9 1076
663 1067 43 1839 869 137
663 1067 43 296 568 1037
663 1067 43 296 568 1037
663 1067 43 296 6 5365
663 1067 43 213 1268 137
663 1067 43 213 368 1554
663 1067 43 213 368 877
663 1067 43 2684 1225 1358
663 1067 43 1477 411 1358
663 1067 43 78 6 5365
663 1067 43 54 368 877
663 1067 43 54 368 1554
663 1067 43 54 4293 5365
663 1067 43 54 1036 1037
663 1067 43 54 1036 1037
663 1067 43 54 1036 691
663 1067 43 156 1842 1037
663 1067 43 156 1842 1037
663 1067 43 138 2416 691
663 1067 43 138 2416 691
1719 2046 180 1112 116 344
1719 2046 180 163 838 344
1719 2116 54 368 838 344
1719 2116 54 2273 116 344
1719 2116 1183 116 450 344
1719 2116 1183 116 1742 344
1719 2116 137 862 827 344
1719 467 468 657 116 344
1719 467 468 2679 827 344
1719 3970 3391 1167 5199 344
1719 3970 3391 1167 827 344
1719 1982 1275 178 4242 344
1719 1982 1275 178 1281 344
1719 1982 1275 178 838 344
1719 1982 92 43 450 344
1719 1982 92 11 838 344
1719 1982 2028 811 430 344
1719 467 468 657 116 344
1493 6377 1121 1372 276 1257
1493 6377 1121 685 24 1257
1493 6377 1121 178 24 1257
1493 6377 1121 2954 392 1257
1493 6377 139 480 601 1257
1493 6377 139 480 601 1257
1493 6377 1121 2954 392 1257
1493 6377 1121 178 24 1257
1493 6377 1121 685 24 1257
1493 6377 1121 1372 276 1257
1493 3039 154 480 601 1257
1493 3039 154 3470 274 1257
1493 3039 154 178 24 1257
1493 3039 154 360 42 1257
4220 827 368 1124 217 3383
8839 1071 213 368 43 1328
8839 1071 213 368 214 1328
8839 1071 215 428 43 1328
8839 1071 215 133 43 1328
8839 1071 1356 3496 43 1328
415 3085 1855 1795 751 157
415 3085 1855 1795 751 2029
415 3085 1855 1795 751 162
415 3085 1855 1795 1310 66
415 3085 1855 2457 657 157
415 3085 1855 2457 301 157
415 3085 1855 483 480 874
415 3085 1855 483 480 874
415 3085 148 2428 215 2029
415 3085 148 2428 526 157
415 3085 148 137 138 1361
415 3085 148 137 663 157
415 3085 148 727 963 45
415 3085 148 614 43 157
415 3085 328 66 1657 162
415 3085 328 66 43 157
415 3085 614 43 515 66
1675 43 1999 36 2232 3599
1675 43 5793 1122 133 568
1675 43 334 1281 344 2910
1675 43 334 411 568 178
1675 43 334 48 1356 178
1675 43 334 163 162 178
1675 43 334 163 696 568
1675 43 334 860 1275 178
1675 43 334 11 2018 3599
1675 43 334 838 1684 178
1675 43 334 838 344 2910
1675 43 334 54 368 178
1675 43 334 54 368 178
1675 43 334 894 2018 3599
1675 43 334 5148 3730 352
1675 43 334 1789 411 568
1675 43 334 534 1275 178
1675 43 1170 1248 823 178
384 211 5 666 3 378
384 211 5 463 869 378
384 211 4627 480 1061 276
384 211 4627 480 47 251
384 211 4627 535 3465 276
384 211 90 127 423 276
384 211 90 54 663 2193
384 211 90 196 8503 378
384 211 90 253 441 367
384 211 90 253 1121 276
384 211 1568 811 786 430
384 211 1568 289 45 276
384 211 1568 289 45 276
384 211 1568 289 1386 430
384 211 1568 289 1061 276
384 211 315 276 879 378
384 211 315 276 879 251
349 3948 789 153 90 77
349 3948 789 153 90 196
3695 428 43 138 1426 133
3695 428 43 515 86 133
3695 428 43 1089 1477 133
3695 428 43 1061 614 133
3695 428 43 213 368 133
3695 428 43 1076 1122 133
3695 428 43 5793 1122 133
3695 428 43 468 86 133
3695 428 43 54 368 133
3695 428 866 1061 614 133
3695 428 866 377 365 133
3695 428 866 587 1112 133
3695 428 358 359 368 133
3695 428 358 359 368 133
3695 428 43 5793 1122 133
3695 428 43 1076 1122 133
3695 428 43 213 368 133
3695 428 43 515 86 133
1320 1690 1575 1268 1309 368
1320 1690 1016 209 1150 368
1320 1690 1016 1280 1309 368
1320 1690 1016 1280 1150 368
1320 1690 1016 1280 202 1602
1320 1690 1016 1280 54 368
1320 1690 823 178 480 368
1320 1690 823 202 1308 368
1320 1690 823 202 175 368
1320 1690 823 43 213 368
1320 1690 823 43 54 368
1320 1690 823 35 227 368
1320 1690 823 35 202 1602
1320 1690 823 35 54 368
1320 1690 1878 9 2986 368
1320 1690 1878 428 133 368
1320 1690 2866 43 213 368
1320 1690 2866 43 54 368
1320 1690 2420 133 175 368
748 749 56 879 378 348
748 749 56 879 555 1082
748 749 253 1121 869 1082
748 749 253 1121 555 1082
748 749 3949 1124 217 2211
748 749 2782 963 70 2211
748 749 2782 963 70 1082
748 749 56 879 378 348
748 749 56 879 555 1082
701 2029 415 3085 359 368
701 2029 596 209 1150 368
701 2029 596 209 1150 1280
701 2029 596 209 1150 163
701 2029 3 338 827 1275
701 2029 3 338 827 344
701 2029 3 338 827 368
701 2029 3 378 567 1280
701 2029 3 378 567 162
701 2029 3 378 567 1275
701 2029 3 378 567 2270
701 2029 3 378 567 368
701 2029 3 378 178 1280
701 2029 3 267 827 1275
701 2029 3 267 827 368
701 2029 3 267 827 344
701 2027 43 987 202 163
701 2027 43 987 202 1280
701 2027 43 2512 516 2828
701 2027 43 967 116 344
701 2027 43 967 1177 1275
3970 3391 1167 1335 138 1725
3970 3391 1167 5199 344 1719
3970 3391 1167 827 344 1719
3970 1029 1078 677 138 1725
154 239 43 495 216 744
154 239 43 2469 894 744
154 239 43 334 894 744
154 239 43 468 894 744
154 239 43 1076 181 744
154 239 942 101 894 744
154 239 942 101 240 744
154 239 942 133 2573 744
154 239 942 348 240 744
154 239 942 291 798 744
154 239 942 65 677 744
154 239 1124 202 25 744
154 239 1124 202 1816 744
154 239 1124 202 784 744
154 239 1124 202 240 744
154 239 1124 217 2937 744
154 239 1124 1121 178 3039
154 239 1124 1121 2868 744
154 239 722 360 2937 744
1175 262 525 382 116 494
1377 92 1145 25 221 35
1377 92 43 987 202 35
1377 92 43 78 1319 684
1377 92 43 155 202 35
1377 92 93 24 1319 684
1377 92 93 202 823 35
1377 92 3646 43 1076 35
1377 92 269 879 202 35
1377 92 1630 197 823 35
1377 92 1630 377 202 35
1377 92 11 2828 680 684
1377 92 11 1280 221 35
1377 92 11 1280 202 35
1377 92 11 25 221 35
1377 92 11 251 384 684
1377 92 516 2828 680 684
1377 92 3646 43 1076 35
378 178 752 753 196 8503
378 178 752 2986 368 3
378 178 752 48 138 3
378 178 752 48 155 202
378 178 1189 1570 1248 1918
378 178 1189 1570 368 3
378 178 1189 1570 800 3
378 178 1189 1570 800 869
378 178 1189 1570 523 869
378 178 1189 175 368 3
378 178 1530 1356 2923 869
378 178 218 348 441 202
378 178 218 348 2843 202
378 178 218 348 138 3
378 178 218 168 510 869
378 178 218 168 800 869
378 178 218 168 800 3
378 178 218 2457 523 869
378 178 537 382 1125 3
587 209 1150 751 1357 2416
587 209 1150 1309 368 48
587 209 1150 1370 2910 500
587 209 1150 1370 227 163
587 209 1150 1370 382 2416
587 209 1150 1742 344 163
587 209 1150 1742 344 500
587 209 1150 1742 344 48
587 209 1150 363 1194 163
587 209 1150 363 1357 2416
587 209 1150 363 138 2416
587 209 1150 577 1061 614
587 209 1150 163 838 344
587 209 1150 163 1653 614
587 209 1150 163 1280 2088
587 209 1150 400 1486 2088
587 209 1150 1194 450 344
587 209 1150 1194 450 2416
2261 1839 869 900 1167 1308
2261 1839 869 1082 202 1308
2261 1839 869 480 368 1308
2261 1839 869 378 178 24
2261 2020 163 155 202 1308
2261 2020 163 1280 1167 1308
2261 2020 163 1280 202 1308
2261 2020 163 162 178 24
2261 2020 163 162 1167 1308
2261 43 1076 480 368 1308
2261 43 1076 35 202 1308
2261 43 1076 1519 479 1308
2261 43 450 344 500 1308
2261 43 450 344 479 1308
2261 43 450 344 1167 1308
2261 43 987 202 93 24
2261 43 987 202 303 24
2261 43 987 241 997 24
2261 43 483 241 997 24
1603 175 382 234 2270 663
1603 175 382 450 1370 227
1603 175 382 116 1336 283
1603 175 382 116 1742 344
1603 175 382 116 450 344
1603 175 382 2416 691 663
1603 175 382 2416 691 663
1603 175 382 2416 691 663
1603 175 382 3986 1336 283
1603 175 568 58 1682 227
1603 175 568 58 65 872
1603 175 568 58 57 227
1603 175 568 6 65 872
1603 175 568 6 1682 227
1603 175 568 6 5365 663
1603 175 568 1203 827 344
1603 175 568 368 1370 227
1603 175 568 368 1554 663
1935 676 2088 694 175 568
