665 4979 1336 838 1280 5225 66
4012 1460 46 2337 1167 1429 1653
827 310 1270 180 1112 495 862
3710 359 303 24 360 42 681
3048 506 1280 4897 680 684 567
3048 506 1280 4897 680 1869 197
645 90 3688 153 1365 714 6290
520 1839 869 870 3716 468 588
1056 164 531 1358 663 157 1330
1866 4947 175 382 450 344 973
2126 2088 587 208 221 138 2732
1404 4695 4159 43 1519 479 1308
1404 4695 4159 43 987 202 1308
1404 4695 4159 43 57 138 678
1404 4695 4159 43 78 479 1308
1404 4695 4159 43 54 368 1308
2192 2417 111 2860 334 1049 363
2192 2417 111 962 528 2345 363
2192 2417 111 506 1280 1150 363
713 1084 276 5204 289 1099 1240
1477 2273 116 134 43 515 86
2281 1244 3079 196 360 942 348
4421 56 879 202 14 13 174
4421 56 879 202 175 368 133
4421 56 879 202 1308 614 133
3862 3050 780 9 535 455 4840
677 2347 515 86 133 1039 344
1936 1935 676 1207 1898 90 77
1936 1935 676 2088 9 535 168
5821 36 2232 2028 811 430 1666
5821 36 2232 33 34 2033 227
5821 36 2232 33 348 780 1666
5821 36 2232 33 581 57 227
2300 3069 415 3085 614 43 987
2300 3069 415 3085 614 133 577
2300 3069 415 3085 614 133 1034
2300 3069 415 3085 147 876 1794
2300 3069 415 3085 147 2069 658
141 328 66 1657 1122 360 847
141 328 66 1657 43 334 472
141 328 66 1657 215 1714 1084
323 2100 5323 43 967 427 450
323 2100 5323 43 967 116 450
323 2100 5323 43 860 9 1076
323 2100 5323 43 2273 116 450
323 2100 5323 43 1477 967 450
945 328 66 714 1099 76 2351
945 328 66 714 2888 1060 689
2091 78 1319 1365 714 2888 202
2091 78 1319 1365 714 1109 202
2091 78 1319 1365 163 1280 202
2091 78 1319 1365 163 155 202
2091 78 1319 86 1442 1088 202
350 363 0 495 216 217 942
350 363 0 495 216 2443 47
350 363 0 495 216 385 479
1621 310 1330 241 997 24 534
6839 1586 333 446 178 4242 1229
4626 146 1268 1309 368 838 344
4626 146 1268 1309 43 450 344
4414 480 1530 1453 372 743 744
4414 480 1530 1356 178 25 744
4414 480 981 479 291 798 744
587 1367 38 224 1423 567 2270
587 1367 38 224 1423 45 2270
2046 2428 148 614 133 1039 344
1842 3209 1956 1167 1995 43 156
1842 3209 1956 1167 1429 2020 156
4431 653 1502 60 138 1426 403
4431 653 25 929 479 1690 1878
4431 653 25 744 547 2270 403
2468 289 253 43 483 480 601
2468 289 253 43 1076 480 601
1638 43 1891 495 216 744 154
1638 43 1891 495 216 744 154
1638 43 1891 495 216 534 1637
1638 43 1891 1690 1878 9 1637
1638 43 155 202 8 9 1637
509 3415 827 368 1657 4646 749
509 3415 827 368 133 266 716
509 3415 827 368 133 717 716
509 3415 827 368 133 4646 749
509 3415 827 368 468 717 716
509 3415 827 368 1124 1121 749
509 3415 827 197 291 221 716
509 3415 827 899 94 635 749
509 3415 827 899 94 747 749
509 3415 827 266 2443 47 749
509 3415 827 344 995 4646 749
509 3415 827 344 2983 717 716
509 3415 827 344 1268 717 716
509 3415 827 344 837 717 716
509 3415 827 344 479 902 716
509 3415 827 344 377 717 716
705 2191 1319 86 1004 468 681
705 2191 1319 86 1477 99 843
705 2191 1319 86 1002 479 681
705 2191 1319 684 681 103 1982
705 2191 1319 684 4825 567 681
705 2191 1319 1049 838 2909 1982
705 2191 1319 1049 556 468 681
705 2191 1319 1365 2828 680 681
705 2191 1319 1365 42 479 681
705 2191 1319 1365 714 2888 681
705 2191 2120 979 1936 468 681
705 2191 2120 338 827 332 2440
705 2191 2120 411 2100 479 681
705 2191 2120 411 568 1767 681
705 2191 2120 411 43 468 681
705 2191 567 227 368 468 681
705 2191 567 227 431 42 681
7456 2025 789 153 157 1330 1331
7456 2025 1147 567 520 1690 1331
7456 2025 1147 567 1542 547 1331
7456 2025 1147 567 9 1690 1331
7456 2025 1147 567 2270 587 1331
7456 2025 1147 567 5998 547 1331
1284 4244 1417 54 838 1280 147
1284 4244 1275 178 655 1280 147
1284 4244 1275 178 838 1280 147
1284 4244 1275 178 1281 1280 147
1284 4244 1275 178 2335 1280 147
1284 4244 1275 178 1279 1280 147
1284 4244 973 92 11 1280 147
1284 4244 973 92 93 3085 147
1284 4244 973 66 415 3085 147
340 377 717 94 1167 5199 514
4374 2198 78 6 1072 43 4373
4374 2198 78 6 963 138 4373
4374 2198 78 479 681 138 4373
4374 2198 1530 1356 3496 43 4373
4374 2198 1530 1356 178 138 4373
4374 2198 1530 1356 178 138 4373
4374 2198 1530 1453 1331 138 4373
4374 2198 1530 1453 372 43 4373
688 5254 1682 894 744 93 202
688 5254 1682 894 3073 1124 202
688 5254 1682 1072 43 155 202
688 5254 1682 1072 43 987 202
688 5254 1682 1625 628 168 202
688 5254 1682 3676 1358 987 202
688 5254 1682 227 163 155 202
688 5254 1682 227 163 1280 202
688 5254 1682 227 368 1124 202
688 5254 1682 227 368 214 202
688 3470 580 153 2284 823 202
688 3470 274 716 253 1082 202
688 3470 274 716 253 441 202
688 3470 274 716 253 1121 202
688 3470 274 716 153 987 202
688 3470 274 2938 153 987 202
688 3470 274 6 65 155 202
326 344 3247 38 168 550 479
326 344 3247 38 168 550 479
326 344 3247 38 86 1002 479
326 344 3247 38 1426 420 479
326 344 3247 224 1426 420 479
326 344 3247 1366 2370 178 1513
326 344 3247 1366 2370 929 479
326 344 3247 1423 2044 981 479
326 344 3247 1423 567 178 1513
326 344 3247 1423 567 3139 479
326 344 3247 168 202 33 479
326 344 3247 168 1486 2088 479
326 344 2046 1268 137 929 479
326 344 1382 1268 137 929 479
326 344 1805 138 1426 420 479
326 344 1805 138 1614 42 479
326 344 2293 360 201 1937 479
326 344 2293 360 942 42 479
5837 2951 1171 2402 722 138 516
5837 2951 25 670 1279 153 1062
5837 2951 25 744 289 138 516
5837 2951 25 744 137 138 516
5837 2951 25 744 1606 526 516
5837 2951 25 744 3688 153 1062
5837 2951 25 744 1805 138 516
5837 2951 25 1084 480 153 1062
5837 2951 25 1084 294 138 516
5837 2951 25 1084 2673 344 516
5837 2951 25 1084 2673 153 1062
5837 2951 25 5481 368 526 516
5837 2951 25 5481 368 2512 516
5837 2951 25 261 2673 344 516
5837 2951 25 261 2673 153 1062
5837 2951 25 26 178 138 516
5837 2951 25 26 178 138 516
5837 2951 25 221 1363 153 1062
5837 2951 25 221 677 138 516
2889 248 249 3694 289 1167 1326
2889 248 249 197 823 202 4725
2889 248 90 253 1082 202 4725
2889 248 90 253 1121 202 4725
2889 248 90 253 441 202 4725
2889 248 90 153 157 1330 3421
2889 248 90 153 987 202 4725
2889 248 90 77 344 1167 1326
2889 248 90 77 162 1167 1326
2889 248 90 77 1956 1167 1326
2889 248 90 77 1280 202 4725
2889 248 90 77 1280 1167 1326
2889 248 90 77 1360 202 4725
2889 248 90 54 155 202 4725
2889 248 90 54 663 1330 3421
1623 2116 137 3609 1125 1124 1622
1623 2116 137 663 894 990 5038
1623 2116 137 138 2416 1124 1622
1623 2116 54 227 368 1124 1622
1623 2116 54 663 894 990 5038
1623 2116 54 359 368 1124 1622
1623 2116 54 4293 368 1124 1622
3383 4220 827 344 2017 2820 2453
3383 4220 827 197 823 35 217
3383 4220 827 368 239 1124 217
3383 4220 827 368 1307 1124 217
2684 1225 8 9 1439 872 43
2684 1225 8 9 891 2354 43
2684 1225 8 9 234 134 43
2684 1225 8 9 234 1944 43
2684 1225 8 9 234 628 43
2684 1225 8 9 234 598 43
2684 1225 8 9 1076 57 43
2684 1225 8 9 1076 1336 43
2684 1225 8 9 1076 411 43
2684 1225 8 9 1076 2354 43
2684 1225 8 9 1076 872 43
2684 1225 8 9 1076 1921 43
2684 1225 8 9 1076 35 43
2684 1225 8 9 1076 598 43
2684 1225 8 9 1076 1228 43
2684 1225 8 9 2986 368 43
2684 1225 8 9 411 1309 43
2299 175 333 446 137 663 157
2299 175 333 446 178 283 577
2299 175 333 446 178 4911 1989
2299 175 333 446 178 1751 1989
2299 175 333 446 178 56 879
2299 175 333 446 6981 1373 1989
2299 175 333 446 4242 344 577
2299 175 333 446 838 344 577
2299 175 333 446 838 1971 157
2299 175 333 5796 1842 2370 577
2299 175 333 5796 1842 208 577
2299 175 333 5842 2443 47 267
2299 175 596 209 1655 692 577
2299 175 596 209 1655 43 157
2299 175 596 209 1150 751 157
2299 175 596 209 1150 3 267
2299 175 382 792 365 133 577
2299 175 382 792 411 2100 577
3914 1037 663 208 838 344 676
3914 1037 663 1016 1280 3209 676
3914 1037 598 1194 450 344 676
3914 1037 598 43 1076 1060 676
3914 1037 598 43 450 344 676
5 1368 409 200 430 344 2017
5 1368 409 200 430 344 48
5 1368 409 200 430 384 211
5 1368 409 200 1225 8 9
5 1368 409 200 1225 1358 3062
5 1368 409 200 95 92 1630
5 1368 3498 1693 86 1477 411
5 1368 3498 1693 86 13 9
5 1368 3498 1693 534 155 1361
5 1368 894 990 2354 43 411
5 1368 894 990 523 3441 9
5 1368 894 990 523 1657 1307
5 1368 894 990 523 396 9
5 1368 894 990 523 396 1630
5 1368 894 990 2484 1060 396
5 1368 894 990 86 1477 411
696 568 4972 1380 76 291 163
696 568 4972 1380 76 291 163
696 568 57 947 4242 344 163
696 568 57 581 209 1150 163
696 568 57 581 4207 213 2249
696 568 57 581 138 678 163
696 568 57 543 2440 344 163
696 568 57 596 209 1150 163
696 568 57 43 138 678 163
696 568 57 43 334 2291 2249
696 568 57 43 987 2250 2249
696 568 57 43 987 202 163
696 568 57 43 1076 1365 163
696 568 57 43 155 202 163
696 568 57 43 54 227 163
696 568 57 43 967 5413 163
696 568 57 43 213 4079 163
696 568 57 43 448 1365 163
696 568 57 43 448 1365 163
643 79 62 289 253 1121 18
643 79 62 289 45 1121 18
643 79 62 289 45 1121 18
643 79 62 289 1099 1240 2758
643 79 90 77 17 981 4986
643 79 90 77 344 2017 2758
643 79 90 77 396 1453 2758
643 79 90 77 480 1216 18
643 79 90 77 480 981 4986
4561 1217 2443 47 283 66 714
4561 1217 1763 6 65 66 714
4561 1217 513 2475 967 66 714
4561 1217 513 66 1657 1365 714
4561 1217 513 48 116 66 714
4561 1217 513 48 973 66 714
4561 1217 513 48 5 1365 714
4561 1217 513 153 328 66 714
6227 1655 515 86 411 568 1253
6227 1655 515 86 133 568 1253
6227 1655 515 86 133 368 1253
6227 1655 515 66 967 427 1253
6227 1655 1429 368 133 568 1253
6227 1655 1429 368 411 568 1253
6227 1655 1429 1280 1309 368 1253
6227 1655 1429 1280 221 45 1253
6227 1655 1429 1280 54 368 1253
587 468 5990 5991 2046 180 163
587 468 5990 531 57 138 2416
587 468 5990 531 57 1357 2416
587 468 5990 531 57 227 163
587 468 5990 531 1367 38 614
587 468 5990 531 1367 138 2416
587 468 86 3247 1423 567 2270
587 468 86 3247 1423 45 2270
587 468 86 3247 1366 138 2416
587 468 86 3247 168 202 48
587 468 86 3247 168 202 163
587 468 86 3247 168 1486 2088
587 468 86 3247 168 1936 163
587 468 86 3247 38 224 614
587 468 86 3247 38 138 2416
587 468 86 1477 133 1039 344
587 468 86 1477 133 368 48
587 468 86 1477 133 513 48
587 468 86 1477 99 368 48
773 684 441 202 446 178 455
773 684 441 202 26 178 455
773 684 441 202 330 266 455
773 684 441 202 378 178 455
773 684 441 202 823 178 455
773 684 441 202 973 1866 455
773 684 441 202 7112 1441 455
773 684 441 367 2820 266 455
773 684 441 367 1356 178 455
773 684 739 94 942 1441 455
139 755 1075 827 344 377 5143
139 755 1075 827 899 898 3975
139 755 1075 827 200 898 3975
139 755 1075 827 197 823 5143
139 755 1075 827 869 448 1391
139 755 1733 450 344 377 5143
139 755 1733 446 137 717 6377
139 755 1733 446 178 100 6377
139 755 1733 1839 869 448 1391
139 755 1733 215 2324 898 3975
139 755 1733 215 43 448 1391
139 755 1733 215 133 717 6377
139 755 1733 291 221 337 1391
139 755 1733 291 221 823 5143
139 755 1733 291 221 45 257
139 755 1733 220 1216 823 5143
139 755 283 284 1969 100 6377
139 755 283 2044 289 45 257
139 755 283 2044 289 45 257
139 755 283 2044 289 567 3767
139 755 283 2044 2166 1257 6377
2278 62 1246 3881 188 480 1061
2278 62 1246 3881 1478 480 1061
2278 62 1246 1247 4632 610 681
2278 62 1246 1247 4632 9 1061
2278 62 1246 1247 1167 1326 2889
2278 62 1246 1247 1167 1335 1061
2278 62 1246 1722 1409 283 1061
2278 62 1246 1722 1409 1362 1061
2278 62 1246 1722 1409 9 1061
2278 62 1246 138 628 43 1061
2278 62 1246 138 717 480 1061
2278 62 1246 138 717 468 681
2278 62 1246 138 483 480 1061
2278 62 1246 138 678 1084 1061
2278 62 1246 138 678 577 1061
2278 62 1246 138 2732 523 1061
2278 62 1246 138 2732 866 1061
2278 62 1246 138 1614 42 681
2278 62 1246 138 2416 523 1061
2278 62 1246 2080 25 1084 1061
1655 692 1738 368 134 869 751
1655 692 1738 368 178 1280 751
1655 692 1738 368 178 447 209
1655 692 1738 368 178 537 94
1655 692 1738 368 178 1795 751
1655 692 1738 368 178 1281 751
1655 692 1738 368 178 283 209
1655 692 1738 368 239 283 209
1655 692 1738 368 239 2630 209
1655 692 1738 368 1657 162 751
1655 692 1738 368 1657 162 94
1655 692 1738 368 1657 2908 209
1655 692 1738 368 1657 537 94
1655 692 1738 368 359 1459 1515
1655 692 1738 368 468 2679 1486
1655 692 1738 368 468 717 94
1655 692 1738 368 365 133 209
1635 577 967 427 334 11 289
1635 577 967 827 332 1947 289
1635 577 967 827 869 378 348
1635 577 967 827 266 4435 289
1635 577 967 827 266 378 348
1635 577 967 116 563 218 348
1635 577 967 116 1336 25 289
1635 577 1061 1368 894 744 289
1635 577 1061 276 283 2044 289
1635 577 1061 276 1257 378 348
1635 577 1061 276 879 378 348
1635 577 1061 276 253 1121 289
1635 577 1061 296 568 31 348
1635 577 1061 296 568 33 348
359 368 1307 1124 1632 111 1747
359 368 1307 1124 1632 111 54
359 368 1307 1124 1121 744 801
359 368 1307 1124 1121 1372 54
359 368 1307 1124 1622 227 1747
359 368 1307 1124 202 796 3025
359 368 1307 1124 202 441 367
359 368 1307 1124 202 35 54
359 368 1307 1124 202 26 3710
359 368 1307 1124 202 755 1733
359 368 1307 1124 202 1280 54
359 368 1307 1124 202 1280 3833
359 368 1307 1124 202 867 801
359 368 1307 1124 202 93 3085
359 368 1307 1124 202 688 3085
359 368 1307 156 1842 3209 54
359 368 1307 1788 127 109 3085
359 368 1307 1788 1546 227 1747
359 368 1307 559 208 209 5042
359 368 1307 559 5341 43 54
359 368 1307 559 332 43 54
1581 653 838 1280 147 1284 513
1581 653 838 1280 3833 595 513
1581 653 838 1280 202 867 801
1581 653 838 1971 614 133 513
1581 653 838 1684 178 480 801
1581 653 838 1684 178 455 513
1581 653 838 658 677 744 801
1581 653 838 658 368 133 513
1581 653 838 344 2017 133 513
1581 653 838 344 158 11 513
1581 653 838 344 1763 1217 513
1581 653 838 344 215 133 513
1581 653 838 344 43 1076 513
1581 653 838 344 479 291 798
1581 653 838 344 516 2828 513
1581 653 838 344 105 480 801
1581 653 838 344 677 744 801
1581 653 838 2615 1763 1217 513
1581 653 468 681 1441 455 513
1581 653 468 681 103 396 513
1581 653 468 717 787 291 798
1110 376 250 567 1280 221 92
1110 376 250 567 1380 76 92
1110 376 250 567 1380 76 92
1110 376 250 567 1280 221 92
1010 1496 1646 31 510 289 45
1010 1496 1646 31 510 289 45
1010 1496 1646 31 510 289 45
1010 1496 1646 31 510 289 45
1010 1496 1972 208 221 201 45
1010 1496 1972 208 221 201 45
1010 1496 1972 276 5204 289 45
1010 1496 1972 276 5204 289 45
1010 1496 1972 276 5204 289 45
1010 1496 1972 276 5204 289 45
1010 1496 4849 178 25 289 45
1010 1496 4849 178 25 289 45
1010 1496 4849 178 25 289 45
1010 1496 4849 178 25 289 45
1010 1496 4849 178 25 221 45
1010 1496 4849 178 25 221 45
1010 1496 4849 178 1280 221 45
1010 1496 4849 178 1280 221 45
3007 348 38 138 1614 291 221
3007 348 38 138 678 111 671
3007 348 38 138 678 208 221
3007 348 38 86 1293 1294 221
3007 348 38 614 1733 291 221
3007 348 38 614 43 6 671
3007 348 38 614 587 208 221
3007 348 38 1423 567 1280 221
3007 348 38 1423 2986 25 221
3007 348 38 1423 4322 185 221
3007 348 38 40 86 25 221
3007 348 38 168 202 1280 221
3007 348 38 168 202 25 221
3007 348 38 168 510 25 221
3007 348 2843 1076 1869 6 671
3007 348 2843 1076 1336 25 221
3007 348 2843 1076 35 25 221
3007 348 2843 1076 35 6 671
3007 348 2843 1076 43 6 671
