307 2781 1074 377 202 378 348 2183
4907 57 947 4242 967 116 523 396
2027 43 2684 1 2927 3792 8 1332
294 138 717 716 810 811 353 1121
408 1359 2872 2366 359 368 1370 1216
665 4979 1336 838 1280 5225 54 368
665 4979 1336 838 1280 5225 66 614
528 2345 1094 2469 987 202 338 962
303 626 2897 2557 1365 163 1280 202
303 626 2897 2557 1365 163 1233 234
4891 289 1948 1246 1247 4632 894 211
4891 289 1948 1246 2080 25 1084 1768
4891 289 1948 1246 138 678 1084 1768
1379 197 823 549 1280 202 1989 904
827 310 1270 180 1112 495 216 267
827 310 1270 180 1112 495 216 1336
827 310 1270 180 1112 133 577 967
284 76 153 757 2155 430 344 168
284 76 153 757 2155 463 869 480
1068 2461 283 284 1969 1496 45 1067
1068 2461 283 284 76 291 3187 1067
1758 1786 3679 344 158 11 513 153
7383 328 66 43 2655 653 838 658
7383 328 66 43 1122 1779 477 658
3710 359 303 24 2198 78 479 681
3710 359 303 24 2784 1754 684 681
3710 359 303 24 360 942 42 681
3710 359 303 24 360 42 479 681
3710 359 303 24 360 2400 479 681
653 25 1489 786 430 344 43 2655
653 25 1489 786 430 344 43 7239
1159 753 196 8503 378 2044 172 2282
1159 753 196 8503 378 348 2281 2282
568 569 689 1786 3679 344 2017 133
568 569 689 1786 3679 344 163 696
568 569 689 1786 3679 344 43 296
867 1630 1631 2859 2860 334 377 202
1175 262 525 378 178 25 744 494
94 813 898 1666 36 8568 2983 717
94 813 898 1666 3949 382 234 162
94 813 898 1666 3949 1124 202 537
3411 1767 2428 4272 1037 869 900 1280
3411 1767 2428 4272 1037 663 1016 1280
3411 1767 2428 4272 1037 663 1016 1280
3217 898 788 4087 810 4053 257 480
3048 506 1280 4897 680 684 4825 567
3048 506 1280 4897 680 684 1630 197
3048 506 1280 4897 680 1869 289 567
5978 57 947 4242 344 43 6 5365
2367 163 162 701 2027 43 2684 1
2367 163 162 4752 43 967 2702 2370
2367 163 162 4752 43 156 1842 2370
2367 163 162 4752 43 1891 1690 1
3945 1714 1795 751 5323 43 1076 1060
3945 1714 1795 751 2029 3 267 1060
231 1061 296 134 43 54 368 526
520 1839 869 480 368 178 1189 587
4864 153 1758 267 276 1257 547 3163
4864 153 1758 267 276 1257 547 198
4864 153 1758 267 276 253 1082 3163
4864 153 1758 267 827 869 1082 3163
1056 164 531 1358 1502 60 157 1330
1056 164 531 1358 987 202 372 53
880 111 114 495 950 951 1060 396
880 111 114 495 216 267 1060 396
1194 5260 2457 3085 147 876 1307 2361
1866 4947 175 382 1125 158 11 2230
1866 4947 175 382 1125 158 11 973
1866 4947 175 382 1125 1124 1121 1373
1866 4947 175 382 1125 1124 2324 898
1866 4947 175 382 1125 1124 202 973
1866 4947 175 382 1125 495 216 1687
1866 4947 175 382 134 869 480 898
1866 4947 175 382 134 869 360 898
1866 4947 175 382 134 43 987 2230
1866 4947 175 382 134 43 2324 898
1866 4947 175 382 134 153 987 2230
1866 4947 175 382 450 1370 477 2230
1866 4947 175 382 450 344 48 973
1866 4947 175 382 450 344 477 2230
1866 4947 175 382 792 422 9 1224
2126 2088 3621 554 158 11 479 326
2126 2088 3621 554 158 57 138 2732
2126 2088 587 208 163 696 138 2732
2126 2088 587 208 163 162 138 2732
2126 2088 587 208 163 1367 138 2732
2126 2088 587 208 838 344 479 326
2126 2088 587 208 838 1971 138 2732
2126 2088 587 208 221 1519 479 326
2126 2088 587 208 221 4231 138 2732
2126 2088 587 208 221 42 479 326
2126 2088 587 208 221 2162 479 326
2126 2088 587 208 221 677 138 2732
2126 2088 587 208 221 2880 479 326
2126 2088 587 208 234 162 138 2732
2126 2088 587 208 1365 42 479 326
1404 4695 4159 43 1519 227 368 1308
1404 4695 4159 43 987 60 138 678
1404 4695 4159 43 987 202 138 678
1404 4695 4159 43 987 581 138 678
1404 4695 4159 43 515 1738 368 1308
1404 4695 4159 43 515 66 1657 215
1404 4695 4159 43 515 86 13 1869
1404 4695 4159 43 57 581 138 678
1404 4695 4159 43 57 227 368 1308
1404 4695 4159 43 78 1319 513 215
1404 4695 4159 43 54 227 368 1308
1404 4695 4159 43 54 359 368 1308
1404 4695 4159 43 54 368 1657 215
1404 4695 4159 43 54 838 344 215
1404 4695 4159 43 54 155 202 1308
1404 4695 4159 43 54 155 1071 215
2192 2417 111 2860 334 411 412 363
2192 2417 111 48 1356 209 1150 363
713 1084 276 253 1121 869 360 201
713 1084 276 253 1121 289 1099 1240
713 1084 276 253 43 1089 1632 1240
713 1084 276 253 43 1122 360 201
713 1084 276 253 441 609 360 201
1477 2273 116 134 153 1062 468 86
1477 2273 116 134 153 1062 468 894
1477 2273 116 134 153 250 1921 43
1477 2273 116 134 153 987 821 86
1477 2273 116 134 153 987 1004 86
1477 2273 116 134 153 987 2250 2672
1477 2273 116 134 153 1365 163 696
1477 2273 116 134 153 328 66 43
1477 2273 116 134 153 90 253 43
1477 2273 116 134 153 90 196 43
1477 2273 116 134 153 90 77 1884
1477 2273 116 134 153 2284 823 43
1477 2273 116 134 43 1061 1657 86
1477 2273 116 134 43 1061 1368 894
1477 2273 116 134 43 628 38 86
1477 2273 116 134 43 987 1004 86
1477 2273 116 134 43 987 2250 2672
1477 2273 116 134 43 987 821 86
1477 2273 116 134 43 467 468 894
2281 1244 3079 1257 303 24 189 348
2281 1244 3079 1257 175 568 33 348
2281 1244 3079 1257 175 568 31 348
2281 1244 3079 1257 547 2232 33 348
2281 1244 3079 1257 547 178 218 348
2281 1244 3079 1257 378 178 218 348
2281 1244 3079 1257 378 567 2154 348
2281 1244 3079 1257 6377 139 378 348
2281 1244 3079 196 360 847 807 348
2281 1244 3079 196 360 1958 33 348
2281 1244 3079 196 360 42 942 348
4421 56 879 202 1958 33 348 780
4421 56 879 202 1958 283 2044 527
4421 56 879 202 688 3085 614 133
4421 56 879 202 430 344 2017 133
4421 56 879 202 430 344 215 133
4421 56 879 202 14 13 2420 133
4421 56 879 202 2450 138 1426 133
4421 56 879 202 2450 598 2951 133
4421 56 879 202 175 368 365 133
4421 56 879 202 175 368 133 174
4421 56 879 202 175 568 368 133
4421 56 879 202 175 568 2017 133
4421 56 879 202 175 568 31 133
4421 56 879 202 153 250 2044 527
4421 56 879 202 1308 480 368 133
4421 56 879 202 1308 480 1181 133
4421 56 879 202 1308 1404 2951 133
4421 56 879 202 1308 614 133 174
5885 4012 208 163 838 344 7404 8335
3862 3050 780 1666 1124 202 26 3406
3862 3050 780 9 978 266 455 4840
3862 3050 780 9 442 1358 663 4840
3862 3050 780 9 1076 6045 26 3406
677 2347 515 86 1477 133 1039 344
677 2347 515 86 1477 99 25 221
677 2347 515 86 1477 99 185 221
677 2347 515 86 1477 2273 116 344
677 2347 515 86 1477 967 827 1835
677 2347 515 86 1477 967 827 344
677 2347 515 86 1477 967 5413 65
677 2347 515 86 1477 967 450 344
677 2347 515 86 1477 967 116 344
677 2347 515 86 133 717 1248 65
677 2347 515 86 133 568 1669 344
677 2347 515 86 133 568 1935 676
677 2347 515 86 133 568 1167 1016
677 2347 515 86 133 568 6 65
677 2347 515 86 133 568 58 65
677 2347 515 86 133 568 31 65
677 2347 515 86 133 1039 344 676
677 2347 515 86 133 209 1167 1016
677 2347 515 86 133 4322 185 221
677 2347 515 86 133 368 838 658
1936 1935 676 1207 133 43 628 168
1936 1935 676 1207 133 4322 185 77
1936 1935 676 1207 133 86 3247 168
1936 1935 676 1207 133 1039 344 168
1936 1935 676 2088 587 1367 38 168
1936 1935 676 2088 587 2512 516 979
1936 1935 676 2088 9 1439 872 168
1936 1935 676 2088 9 1248 90 77
1936 1935 676 2088 9 1248 628 168
1936 1935 676 2088 9 234 628 168
1936 1935 676 2088 9 1076 872 168
1936 1935 676 2088 9 838 344 168
1936 1935 676 2088 967 66 38 168
1936 1935 676 2088 967 827 332 979
1936 1935 676 2088 967 827 344 168
1936 1935 676 2088 967 450 344 168
1936 1935 676 2088 967 116 344 168
1936 1935 676 2088 479 326 344 168
1936 1935 676 2088 479 681 90 77
5821 36 2232 2028 811 786 430 1666
5821 36 2232 2028 3 378 567 227
5821 36 2232 33 3729 1380 2536 159
5821 36 2232 33 196 43 1076 872
5821 36 2232 33 196 43 54 227
5821 36 2232 33 196 43 1519 227
5821 36 2232 33 196 43 57 227
5821 36 2232 33 196 360 898 1666
5821 36 2232 33 348 240 396 227
5821 36 2232 33 348 250 567 227
5821 36 2232 33 348 250 567 227
5821 36 2232 33 348 76 65 872
5821 36 2232 33 348 2843 1076 872
5821 36 2232 33 348 1290 780 1666
5821 36 2232 33 284 76 65 872
5821 36 2232 33 284 393 54 227
5821 36 2232 33 479 681 1682 227
2300 3069 415 3085 614 1733 446 2593
2300 3069 415 3085 614 1733 215 577
2300 3069 415 3085 614 43 2469 987
2300 3069 415 3085 614 43 411 577
2300 3069 415 3085 614 133 43 987
2300 3069 415 3085 614 587 3894 577
2300 3069 415 3085 614 587 208 577
2300 3069 415 3085 1855 333 446 2593
2300 3069 415 3085 1855 1630 477 658
2300 3069 415 3085 328 66 43 987
2300 3069 415 3085 328 66 714 1099
2300 3069 415 3085 328 66 1657 577
2300 3069 415 3085 147 126 678 577
2300 3069 415 3085 147 126 463 2830
2300 3069 415 3085 147 126 463 577
2300 3069 415 3085 147 876 43 987
141 328 66 1657 1365 29 25 1084
141 328 66 1657 1307 1999 1714 1084
141 328 66 1657 43 138 678 1084
141 328 66 1657 43 1122 360 847
141 328 66 1657 43 1477 99 1084
141 328 66 1657 43 1999 1714 1084
141 328 66 1657 215 43 334 472
141 328 66 1657 577 3465 25 1084
141 328 66 1657 5323 43 334 472
141 328 66 1657 4651 43 334 472
141 328 66 1657 162 178 25 1084
141 328 66 1657 162 138 678 1084
323 2100 5323 43 495 216 1336 1076
323 2100 5323 43 1061 614 1733 450
323 2100 5323 43 967 427 334 1789
323 2100 5323 43 967 116 1336 1076
323 2100 5323 43 967 66 116 450
323 2100 5323 43 967 66 382 450
323 2100 5323 43 860 9 1439 450
323 2100 5323 43 54 2273 116 450
323 2100 5323 43 2273 116 1336 1076
323 2100 5323 43 1477 2273 116 450
323 2100 5323 43 1477 99 1084 188
323 2100 5323 43 1477 650 382 450
323 2100 5323 43 1477 967 116 450
323 2100 5323 43 1477 967 427 450
323 2100 5323 43 1477 133 2110 1789
1666 706 2294 2986 368 1308 480 898
1666 706 2294 2986 368 178 786 430
1666 706 2294 2986 368 178 480 898
1666 706 2294 2986 368 178 746 430
1666 706 2294 2986 368 1124 2324 898
1666 706 2294 2986 368 1124 202 430
1666 706 2294 2986 368 133 2110 898
1666 706 2294 2986 368 133 568 898
1666 706 2294 2986 368 43 2324 898
1666 706 2294 2986 368 214 202 430
1666 706 2294 2986 368 411 568 898
1666 706 2294 2986 2406 942 762 898
1666 706 2294 2986 2406 942 348 780
1666 706 2294 2986 2406 942 289 1178
1666 706 2294 2986 2406 33 348 780
1666 706 2294 2986 1956 1515 568 898
1666 706 2294 2986 25 5481 368 239
1666 706 2294 2986 25 221 273 430
1666 706 2294 2986 25 289 1386 430
1666 706 2294 2986 25 289 1099 898
2441 535 862 1112 495 216 1687 1884
2441 535 862 1112 495 216 1370 1884
2441 535 862 1112 334 1885 835 1884
2441 535 862 1112 334 1789 1216 1884
2441 535 862 1112 334 894 835 1884
2441 535 862 1112 133 513 835 1884
2441 535 862 1112 133 368 1370 1884
2441 535 862 1112 116 450 1370 1884
945 328 66 714 1099 76 291 456
945 328 66 714 2248 53 138 1725
945 328 66 714 2248 53 25 689
945 328 66 714 4561 43 138 1725
945 328 66 714 95 5 1368 456
945 328 66 714 95 2080 25 689
945 328 66 714 95 386 283 2044
945 328 66 714 95 386 138 1725
945 328 66 714 2888 681 138 1725
945 328 66 714 2888 112 33 348
945 328 66 714 2888 202 25 689
945 328 66 714 2888 202 76 2351
945 328 66 714 2888 202 378 348
945 328 66 714 2888 202 378 2044
945 328 66 714 2888 202 33 348
945 328 66 714 2888 202 8 456
945 328 66 714 2888 202 138 1725
945 328 66 714 2888 202 683 1346
945 328 66 714 2888 1060 25 689
2091 78 1319 1365 42 65 1081 202
2091 78 1319 1365 42 65 155 202
2091 78 1319 1365 2828 1395 1280 202
2091 78 1319 1365 100 6377 1121 202
2091 78 1319 1365 714 2888 202 650
2091 78 1319 1365 714 1109 202 650
2091 78 1319 1365 714 500 987 202
2091 78 1319 1365 163 1280 202 650
2091 78 1319 1365 163 838 1280 202
2091 78 1319 1365 163 696 1477 650
2091 78 1319 1365 163 155 202 650
2091 78 1319 86 371 157 1330 2773
2091 78 1319 86 1442 101 102 650
2091 78 1319 86 1442 101 823 202
2091 78 1319 86 1442 101 1818 650
2091 78 1319 86 1442 1358 987 202
350 363 0 1891 1690 823 981 479
350 363 0 1891 1690 1742 344 479
350 363 0 1891 1690 1742 344 47
350 363 0 1891 1690 1248 656 47
350 363 0 1891 1690 2586 33 479
350 363 0 1891 495 216 385 479
350 363 0 1891 495 216 217 942
350 363 0 1891 495 216 2443 47
350 363 0 495 950 1453 2758 479
350 363 0 495 862 827 344 479
350 363 0 495 862 827 344 47
350 363 0 495 216 1687 78 479
350 363 0 495 216 251 42 479
350 363 0 495 216 251 42 942
350 363 0 495 216 217 2880 479
350 363 0 495 216 217 981 479
350 363 0 495 216 744 981 479
350 363 0 495 216 1336 1076 479
1621 310 2877 525 378 178 24 534
1621 310 1330 1177 1275 178 24 534
1621 310 1330 1177 967 427 334 534
1621 310 1330 577 967 427 334 534
5442 1367 38 138 678 763 127 1091
5442 1367 38 138 717 74 127 1091
5442 1367 38 138 717 1248 127 1091
5442 1367 38 1423 567 681 127 1091
5442 1367 38 1423 567 178 455 1091
6839 1586 333 446 178 947 4242 1229
6839 1586 333 446 26 178 4242 1229
4626 146 1268 1309 368 239 5397 197
4626 146 1268 1309 368 657 116 344
4626 146 1268 1309 368 43 450 344
4626 146 1268 1309 368 1657 1742 344
4626 146 1268 1309 368 48 116 344
4626 146 1268 1309 368 133 1039 344
4626 146 1268 1309 368 875 70 344
4626 146 1268 1309 368 875 116 344
4626 146 1268 1309 368 178 838 344
4626 146 1268 1309 368 178 4242 344
4626 146 1268 1309 368 178 1281 344
4626 146 1268 1309 43 2273 116 344
4626 146 1268 1309 43 6 963 197
4626 146 1268 1309 43 334 1281 344
4626 146 1268 1309 43 334 838 344
4626 146 1268 1309 43 54 838 344
4626 146 1268 1309 43 1076 1869 197
4626 146 1268 1309 43 967 116 344
4626 146 1268 1309 43 967 827 197
4414 480 1530 1453 2758 479 211 744
4414 480 1530 1453 372 53 25 744
4414 480 1530 1356 178 24 25 744
4414 480 1530 1356 178 1675 25 744
4414 480 1530 1356 178 495 216 744
4414 480 1530 1356 178 455 773 744
4414 480 1530 1356 178 48 2868 744
4414 480 981 4986 643 79 90 77
4414 480 981 4986 643 942 181 744
4414 480 981 479 218 348 240 744
4414 480 981 479 291 221 677 744
4414 480 981 479 283 1336 25 744
587 1367 38 224 1423 567 1280 2088
587 1367 38 224 1423 567 227 163
587 1367 38 224 1423 567 513 48
587 1367 38 224 1423 567 9 500
587 1367 38 224 1423 567 178 1189
587 1367 38 224 1423 567 178 48
587 1367 38 224 1423 567 1362 163
587 1367 38 224 1423 567 368 48
587 1367 38 224 1423 45 567 2270
587 1367 38 224 1423 45 1253 500
587 1367 38 224 1423 45 1061 614
587 1367 38 224 1423 45 382 2416
587 1367 38 224 1423 2044 527 500
587 1367 38 224 1423 2044 527 2270
587 1367 38 224 1423 2986 368 48
587 1367 38 224 614 133 513 48
587 1367 38 224 614 133 368 48
587 1367 38 224 614 133 1039 344
587 1367 38 224 614 1733 291 163
2046 2428 148 614 722 138 678 650
2046 2428 148 614 133 368 359 1459
2046 2428 148 614 133 368 411 2280
2046 2428 148 614 133 368 838 2909
2046 2428 148 614 133 368 838 344
2046 2428 148 614 133 86 411 2280
2046 2428 148 614 133 86 1477 650
2046 2428 148 614 133 2573 744 2909
2046 2428 148 614 133 1039 344 1719
2046 2428 148 614 133 1039 344 3008
2046 2428 148 614 133 3695 1077 872
2046 2428 148 614 133 3695 1077 4191
2046 2428 148 614 133 43 1477 650
2046 2428 148 614 133 43 450 344
2046 2428 148 614 133 43 411 2280
2046 2428 148 614 133 43 1559 2280
2046 2428 148 614 133 43 1076 872
2046 2428 148 614 133 568 1669 4191
2046 2428 148 614 133 568 1669 344
2046 2428 148 614 133 568 411 2280
5977 467 1200 168 1936 212 838 2909
5977 467 1200 168 1936 163 838 2909
5977 467 1200 168 202 784 744 2909
5977 467 1200 168 202 25 744 2909
5977 467 1200 168 202 2450 838 2909
5977 467 1200 168 202 1816 744 2909
5977 467 1200 168 202 240 744 2909
5977 467 1200 168 202 446 838 2909
5977 467 1200 168 202 163 838 2909
5977 467 1200 168 1486 2088 838 2909
5977 467 1200 168 510 25 744 2909
5977 467 1200 168 510 368 838 2909
1842 3209 1956 1167 1995 588 1125 156
1842 3209 1956 1167 1995 717 1248 156
1842 3209 1956 1167 1995 43 483 156
1842 3209 1956 1167 1995 43 155 156
1842 3209 1956 1167 2258 215 301 156
1842 3209 1956 1167 2258 215 43 156
1842 3209 1956 1167 2258 215 1714 156
1842 3209 1956 1167 827 332 43 156
1842 3209 1956 1167 827 332 333 5796
1842 3209 1956 1167 827 869 4873 156
1842 3209 1956 1167 827 368 1657 156
1842 3209 1956 1167 827 368 1307 156
1842 3209 1956 1167 827 368 43 156
1842 3209 1956 1167 827 344 66 156
1842 3209 1956 1167 827 344 43 156
1842 3209 1956 1167 1429 368 43 156
1842 3209 1956 1167 1429 368 1657 156
1842 3209 1956 1167 1429 368 1307 156
1842 3209 1956 1167 1335 138 483 156
4431 653 1502 60 1876 577 655 1878
4431 653 25 929 1367 38 1426 403
4431 653 25 929 1367 138 1426 403
4431 653 25 929 1367 38 1426 403
4431 653 25 929 1367 138 1426 403
4431 653 25 929 479 1308 2261 403
4431 653 25 929 479 681 1682 403
4431 653 25 929 479 603 655 1878
4431 653 25 929 479 65 872 1878
4431 653 25 929 479 1690 655 1878
4431 653 25 929 1367 138 1426 403
4431 653 25 929 1367 38 1426 403
4431 653 25 929 283 1319 1365 403
4431 653 25 929 283 209 1150 403
4431 653 25 929 283 577 655 1878
4431 653 25 929 283 34 1684 403
4431 653 25 929 283 2384 1280 403
3776 4400 477 262 226 153 90 77
3776 4400 477 658 368 43 334 1047
3776 4400 477 658 234 86 13 1047
2468 289 253 43 134 869 480 601
2468 289 253 43 1678 717 480 601
2468 289 253 43 4373 869 480 601
1638 43 2608 241 997 24 534 1637
1638 43 3162 2771 1112 334 534 1637
1638 43 1891 495 216 894 744 154
1638 43 1891 495 216 894 744 154
1638 43 1891 495 216 25 744 154
1638 43 1891 495 216 25 744 154
1638 43 1891 495 216 1693 534 1637
1638 43 1891 1690 520 894 744 154
1638 43 1891 1690 520 894 744 154
1638 43 1891 1690 1232 2178 9 1637
1638 43 1891 1690 655 1878 9 1637
1638 43 1891 1690 520 894 744 154
1638 43 1891 1690 520 894 744 154
