2347 515 874 2065 710 786 430 344 677
307 2781 1074 377 202 378 348 1290 318
307 2781 1074 377 202 378 348 76 318
1805 138 4373 4374 2198 2257 1043 2931 744
1869 581 209 1167 7344 5605 1454 9 1076
659 4401 4149 2018 549 1280 147 2069 658
659 4401 4149 2018 549 1280 147 2069 658
6010 251 394 3927 1801 744 1606 215 1405
4012 480 3688 153 1758 1786 3679 344 973
1885 1380 76 318 307 266 267 1060 396
967 116 523 1298 928 212 54 368 900
2877 525 137 1460 46 2337 1167 827 344
2877 525 137 1460 46 2337 1167 827 310
2877 525 137 1460 46 2337 1167 5199 344
729 1698 1041 657 116 450 323 1805 138
334 54 359 1459 3125 44 446 967 427
4660 1590 101 240 744 1453 372 3902 1409
4660 1590 101 240 744 1772 414 3902 1409
1486 4656 1655 692 577 3465 25 1084 188
1486 4656 1655 692 577 3465 441 367 2142
1486 4656 1655 692 577 967 66 38 168
3455 2282 283 1061 276 330 1365 42 1257
3455 2282 283 1061 276 330 717 3079 1257
294 138 717 716 810 811 353 1714 1084
294 138 717 716 253 268 305 168 510
294 138 717 716 253 268 3465 25 1084
3601 1280 147 467 1200 168 202 1414 1682
2087 162 1232 2178 468 3542 2280 2679 1486
9159 535 3974 1850 1131 1754 684 567 513
9159 535 3974 1850 1131 1754 684 1055 513
9159 535 3974 1850 518 2059 1112 133 513
1449 1892 90 196 360 42 942 291 221
1194 450 3609 1125 1124 217 2880 479 1308
1194 450 3609 1125 1124 217 1244 209 1150
1194 450 3609 1125 1124 217 981 479 1308
1194 450 3609 1125 1124 217 942 350 363
1194 450 3609 1125 1124 217 942 348 1270
1194 450 3609 1125 1124 217 942 65 872
137 3609 1125 1124 2543 123 577 655 1280
137 3609 1125 1124 2543 123 577 23 591
137 3609 1125 1124 2543 123 577 23 2116
1762 535 455 138 2416 587 862 523 396
3654 252 2782 963 197 823 293 289 45
3654 252 2782 963 197 823 293 289 45
8023 727 2803 827 368 178 1675 43 155
196 195 2300 3069 415 3085 147 126 33
196 195 1367 38 86 13 513 153 90
408 1359 2872 2366 359 368 1271 54 4293
408 1359 2872 2366 359 368 1370 382 116
408 1359 2872 2366 359 368 1370 477 262
408 1359 2872 2366 359 368 1370 1216 18
603 90 77 534 986 276 879 202 2516
603 90 77 534 986 276 384 211 2516
603 90 77 534 986 276 1081 202 2516
3217 898 273 262 408 195 441 609 360
97 103 142 2108 44 446 838 1280 202
97 103 142 2108 44 446 2593 1082 202
97 103 142 2108 44 446 178 62 289
97 103 142 2108 44 446 178 25 289
23 2116 54 227 394 318 1441 463 577
665 4979 1336 838 1280 5225 54 4293 368
665 4979 1336 838 1280 5225 54 4292 66
665 4979 1336 838 1280 5225 54 227 368
665 4979 1336 838 1280 5225 54 359 368
2547 516 2828 1660 2088 479 681 103 735
3711 3642 825 717 74 127 1091 1358 1160
528 2345 1094 2469 987 581 138 678 962
528 2345 1094 2469 987 202 138 678 962
528 2345 1094 2469 987 202 338 111 962
4012 1460 46 2337 1167 1429 663 1067 1071
4012 1460 46 2337 1167 1429 2020 163 1653
4012 1460 46 2337 1167 1429 1280 202 973
2284 823 293 722 3 338 616 908 35
303 626 2897 2557 1365 2828 513 616 908
303 626 2897 2557 1365 2828 1395 1280 202
303 626 2897 2557 1365 2828 1395 9 234
303 626 2897 2557 1365 2828 1395 2366 359
303 626 2897 2557 1365 2828 1395 3833 359
303 626 2897 2557 1365 2828 680 681 103
303 626 2897 2557 1365 2828 680 684 567
303 626 2897 2557 1365 163 1280 202 867
303 626 2897 2557 1365 163 1280 3833 359
303 626 2897 2557 1365 163 1280 54 359
303 626 2897 2557 1365 163 838 658 234
303 626 2897 2557 1365 163 838 1280 202
303 626 2897 2557 1365 163 587 208 234
303 626 2897 2557 1365 163 1302 208 234
4891 289 1948 1246 3881 188 216 894 211
4891 289 1948 1246 3881 188 763 2044 2166
4891 289 1948 1246 3881 188 520 894 211
4891 289 1948 1246 1722 1409 4632 894 211
4891 289 1948 1246 1722 1409 283 2044 2166
4891 289 1948 1246 2080 25 929 479 211
4891 289 1948 1246 138 1614 42 479 211
4891 289 1948 1246 138 678 2385 204 1768
4891 289 1948 1246 138 678 577 4013 211
4891 289 1948 1246 138 678 763 2044 2166
4891 289 1948 1246 138 717 468 894 211
1193 3599 2062 1380 283 34 2033 9 442
1193 3599 2062 1380 283 2044 2166 9 442
1193 3599 2062 1380 283 2384 2088 9 442
1193 3599 2062 1380 76 291 3187 9 442
1379 197 823 549 1280 202 240 396 1546
1379 197 823 549 1280 202 2097 1788 1546
1379 197 823 549 1280 202 1751 1989 904
827 310 1270 180 1112 495 862 468 2679
827 310 1270 180 1112 495 862 209 1167
827 310 1270 180 1112 495 862 523 1167
827 310 1270 180 1112 495 216 1770 1091
827 310 1270 180 1112 495 216 534 1336
827 310 1270 180 1112 495 216 1336 862
827 310 1270 180 1112 495 596 209 1167
827 310 1270 180 1112 133 577 655 862
827 310 1270 180 1112 133 869 900 967
827 310 1270 180 1112 133 869 900 1167
827 310 1270 180 1112 133 869 137 862
827 310 1270 180 1112 133 174 283 1336
827 310 1270 180 1112 133 1039 344 1167
827 310 1270 180 1112 133 2110 43 967
827 310 1270 180 1112 133 513 2475 967
827 310 1270 180 1112 133 513 137 862
827 310 1270 180 1112 133 513 468 2679
284 76 153 757 2155 430 344 479 283
284 76 153 757 2155 430 344 38 168
284 76 153 757 2155 430 344 2461 283
284 76 153 757 2155 430 344 105 480
284 76 153 757 2155 430 344 47 283
284 76 153 757 2155 430 344 3247 168
284 76 153 757 2155 430 384 211 90
284 76 153 757 2155 463 430 344 168
284 76 153 757 2155 463 869 360 372
284 76 153 757 2155 463 869 360 283
284 76 153 757 2155 463 869 57 581
284 76 153 757 2155 463 370 307 266
284 76 153 757 2155 463 1441 57 581
284 76 153 757 2155 463 1441 455 581
284 76 153 757 2155 463 898 3975 195
284 76 153 757 2155 463 1442 5466 266
284 76 153 757 2155 463 1442 1270 283
284 76 153 757 2155 463 1442 5466 266
284 76 153 757 2155 463 1442 456 266
1068 2461 283 284 1969 1496 45 620 1268
1068 2461 283 284 1969 1496 3672 547 1268
1068 2461 283 284 1969 1496 4847 547 1268
1068 2461 283 284 76 291 657 116 1268
1068 2461 283 284 76 291 221 45 1067
1068 2461 283 284 76 291 3187 9 1067
1068 2461 283 284 76 291 209 1150 1268
1068 2461 283 284 76 753 53 1837 291
1068 2461 283 284 76 753 4632 894 1268
1068 2461 283 284 76 753 4632 9 1067
1068 2461 283 284 76 65 66 116 1268
1068 2461 283 284 76 65 158 11 1268
1068 2461 283 284 76 65 209 1150 1268
1068 2461 283 284 76 65 2088 479 291
1068 2461 283 284 76 65 2088 9 1067
1068 2461 283 284 76 65 2273 116 1268
1068 2461 283 284 76 65 872 2046 1268
1068 2461 283 284 76 65 872 69 1268
4831 4860 515 1738 368 468 681 90 77
1758 1786 3679 344 5284 928 9 1248 153
1758 1786 3679 344 158 11 838 2615 153
1758 1786 3679 344 158 11 34 4389 153
1758 1786 3679 344 158 11 25 221 76
1758 1786 3679 344 158 11 25 1084 188
1758 1786 3679 344 158 11 25 1084 1768
1758 1786 3679 344 158 11 1280 221 76
1758 1786 3679 344 158 11 1280 202 76
1758 1786 3679 344 158 11 1280 202 153
1758 1786 3679 344 158 11 289 1099 76
1758 1786 3679 344 158 11 289 3232 188
1758 1786 3679 344 158 11 479 350 153
1758 1786 3679 344 158 11 479 199 153
1758 1786 3679 344 158 11 2828 513 153
1758 1786 3679 344 158 11 1938 1099 76
1758 1786 3679 344 158 57 581 284 76
1758 1786 3679 344 158 57 581 3688 153
1758 1786 3679 344 158 57 543 1380 76
1758 1786 3679 344 158 57 43 134 153
1758 1786 3679 344 158 57 1441 455 153
7383 328 66 43 1122 2655 653 838 658
7383 328 66 43 1122 133 174 276 879
7383 328 66 43 1122 133 717 1256 879
7383 328 66 43 1122 133 368 838 658
7383 328 66 43 1122 133 4421 56 879
7383 328 66 43 1122 69 1268 477 658
7383 328 66 43 1122 1779 1061 276 879
7383 328 66 43 495 862 827 56 879
7383 328 66 43 495 862 827 899 879
7383 328 66 43 495 862 163 838 658
7383 328 66 43 495 216 217 1104 879
7383 328 66 43 495 216 217 4452 879
7383 328 66 43 495 216 1687 838 658
7383 328 66 43 495 216 267 276 879
7383 328 66 43 495 216 1370 477 658
7383 328 66 43 495 216 1336 838 658
7383 328 66 43 495 216 1336 56 879
7383 328 66 43 156 1842 208 838 658
7383 328 66 43 213 368 2469 276 879
3710 359 303 24 2198 78 1319 684 681
3710 359 303 24 2784 1754 684 567 681
3710 359 303 24 2784 1754 684 25 26
3710 359 303 24 2784 205 289 567 681
3710 359 303 24 360 3217 289 567 681
3710 359 303 24 360 201 45 567 681
3710 359 303 24 360 201 1937 479 681
3710 359 303 24 360 942 291 221 26
3710 359 303 24 360 942 101 680 681
3710 359 303 24 360 942 289 567 681
3710 359 303 24 360 942 42 479 681
3710 359 303 24 360 942 181 2559 681
3710 359 303 24 360 42 420 479 681
3710 359 303 24 360 1958 289 567 681
3710 359 303 24 360 1958 33 479 681
653 25 1489 786 430 1666 1124 1632 111
653 25 1489 786 430 344 1930 616 403
653 25 1489 786 430 344 479 1690 2655
653 25 1489 786 430 344 43 138 678
653 25 1489 786 430 344 43 334 377
653 25 1489 786 430 344 43 1122 2655
653 25 1489 786 430 344 48 138 678
653 25 1489 786 430 344 2910 1280 403
653 25 1489 786 430 344 420 43 7239
653 25 1489 786 430 344 420 43 2655
653 25 1489 786 430 344 163 1365 403
653 25 1489 786 430 344 163 1302 403
653 25 1489 786 430 344 163 1280 403
653 25 1489 786 430 344 771 43 7239
653 25 1489 786 430 344 771 43 2655
653 25 1489 786 430 344 215 43 7239
653 25 1489 786 430 344 215 43 2655
653 25 1489 786 430 344 3085 147 1284
653 25 1489 786 430 344 577 655 377
1159 753 196 8503 378 2044 527 528 613
1159 753 196 8503 378 2044 172 127 423
1159 753 196 8503 378 2044 289 45 710
1159 753 196 8503 378 2044 289 45 710
1159 753 196 8503 378 2044 289 1365 29
1159 753 196 8503 378 348 2183 528 613
1159 753 196 8503 378 348 1290 318 710
1159 753 196 8503 378 348 76 318 710
1159 753 196 8503 378 348 979 495 710
1159 753 196 8503 378 348 138 678 710
1159 753 196 8503 378 348 1009 495 710
1159 753 196 8503 378 209 1150 368 29
1159 753 196 8503 378 3441 9 495 710
1159 753 196 8503 378 3441 9 1365 29
1159 753 196 8503 378 137 663 894 29
1159 753 196 8503 378 137 138 678 710
1159 753 196 8503 378 3 338 111 29
1159 753 196 8503 378 3 338 109 613
1159 753 196 8503 378 3 338 2065 710
568 569 689 1786 1850 518 2059 1112 133
568 569 689 1786 1850 1131 537 94 175
568 569 689 1786 1013 328 66 43 296
568 569 689 1786 1013 328 66 43 411
568 569 689 1786 1013 328 66 694 175
568 569 689 1786 1013 328 66 614 133
568 569 689 1786 3679 344 105 99 175
568 569 689 1786 3679 344 105 99 1515
568 569 689 1786 3679 344 105 31 133
568 569 689 1786 3679 344 2017 133 175
568 569 689 1786 3679 344 2017 1061 296
568 569 689 1786 3679 344 168 1936 175
568 569 689 1786 3679 344 168 202 175
568 569 689 1786 3679 344 377 365 133
568 569 689 1786 3679 344 377 202 175
568 569 689 1786 3679 344 163 162 133
568 569 689 1786 3679 344 163 694 175
568 569 689 1786 3679 344 43 1061 296
3011 1738 368 134 869 480 801 1690 1
3011 1738 368 134 869 1082 202 0 1
3011 1738 368 134 869 57 43 2684 1
3011 1738 368 134 153 987 202 0 1
6397 4559 9 1439 872 65 2069 658 659
6397 4559 9 1439 872 65 2069 658 659
867 1630 1631 2859 2860 334 313 2123 202
867 1630 1631 2859 2860 334 838 1280 202
867 1630 1631 2859 2860 334 11 1280 202
867 1630 1631 2859 2860 334 48 155 202
867 1630 1631 2859 2860 334 534 155 202
867 1630 1631 2859 2860 334 534 69 202
867 1630 1631 2859 2860 334 54 155 202
867 1630 1631 2859 2860 334 163 155 202
867 1630 1631 2859 2860 334 163 1280 202
867 1630 1631 2859 2860 334 43 155 202
867 1630 1631 2859 2860 334 43 987 202
867 1630 1631 2859 2860 334 54 155 202
867 1630 1631 2859 2860 334 1281 1280 202
867 1630 1631 2859 6 3 338 1109 202
867 1630 1631 2859 6 1682 3601 1280 202
867 1630 1631 2859 6 1682 227 431 202
867 1630 1631 2859 6 1682 227 441 202
867 1630 1631 2859 6 946 5189 229 202
867 1630 1631 2859 6 963 45 1121 202
867 1630 1631 2859 6 963 45 1121 685
1175 262 525 378 3 1484 750 3387 494
1175 262 525 378 2044 2166 1257 3349 307
1175 262 525 378 2044 289 1167 5199 514
1175 262 525 378 74 127 66 116 494
1175 262 525 378 178 138 678 1404 494
1175 262 525 378 178 25 221 370 307
1175 262 525 378 178 446 967 116 494
94 813 898 1666 36 2232 3599 330 717
94 813 898 1666 3949 4049 2436 567 162
94 813 898 1666 3949 6 963 70 93
94 813 898 1666 3949 6 963 138 717
94 813 898 1666 3949 6 65 161 162
94 813 898 1666 3949 382 146 1268 717
94 813 898 1666 3949 382 116 214 537
94 813 898 1666 3949 382 116 1268 717
94 813 898 1666 3949 1124 1121 129 93
94 813 898 1666 3949 1124 1121 744 93
94 813 898 1666 3949 1124 1121 202 537
94 813 898 1666 3949 1124 1121 202 93
94 813 898 1666 3949 1124 1121 202 717
94 813 898 1666 3949 1124 1121 178 537
94 813 898 1666 3949 1124 1121 289 537
94 813 898 1666 3949 1124 202 163 162
94 813 898 1666 3949 1124 202 138 717
94 813 898 1666 3949 1124 202 746 783
2794 3723 1426 420 43 57 1441 3555 67
3411 1767 2428 4272 1037 3941 869 900 1280
3411 1767 2428 4272 1037 869 1082 202 1280
3411 1767 2428 4272 1037 869 1082 506 1280
3411 1767 2428 4272 1037 869 378 178 1280
3411 1767 2428 4272 1037 869 378 567 1280
3411 1767 2428 4272 1037 598 1194 163 1280
3411 1767 2428 4272 1037 663 4825 567 1280
3411 1767 2428 4272 1037 663 208 838 1280
3411 1767 2428 4272 1037 663 208 163 1280
3411 1767 2428 4272 1037 663 1016 163 1280
3411 1767 2428 4272 1037 663 1067 1429 1280
3411 1767 2428 4272 1037 663 1016 163 1280
3411 1767 2428 4272 1037 663 1067 1429 1280
3411 1767 2428 4272 1037 663 208 838 1280
3411 1767 2428 4272 1037 663 208 163 1280
3411 1767 2428 4272 1037 663 4825 567 1280
3411 1767 2428 148 727 2908 209 1150 1280
3411 1767 2428 148 727 2908 1124 202 1280
3217 898 788 4087 810 4053 257 231 480
3217 898 788 4087 810 4053 257 139 480
3217 898 1666 3949 1458 153 90 196 360
3217 898 1666 3949 1458 153 90 77 480
3217 898 1666 3949 1458 153 134 869 480
3217 898 1666 3949 1458 153 134 869 360
3217 898 1666 3949 1458 153 250 567 480
3217 898 1666 3949 1458 153 250 567 480
3217 898 1666 3949 1458 153 987 821 360
3217 898 1666 3949 6 963 70 196 360
3217 898 1666 3949 6 963 70 722 360
3217 898 1666 3949 6 963 138 717 480
3217 898 1666 3949 6 963 138 483 480
3217 898 1666 3949 6 963 45 257 480
3217 898 1666 3949 6 963 45 567 480
3217 898 1666 3949 6 65 1336 1076 480
3217 898 1666 3949 6 4051 1071 4012 480
3217 898 1666 3949 6 1072 43 1122 360
3217 898 1666 3949 6 1072 43 1076 480
3217 898 1666 3949 6 1072 43 483 480
3048 506 1280 4897 1357 2416 657 116 344
3048 506 1280 4897 1357 2416 3 378 567
3048 506 1280 4897 680 684 25 289 567
3048 506 1280 4897 680 684 25 670 344
3048 506 1280 4897 680 684 567 480 1181
3048 506 1280 4897 680 684 739 670 344
3048 506 1280 4897 680 684 2352 289 567
3048 506 1280 4897 680 681 90 77 344
3048 506 1280 4897 680 681 103 320 344
3048 506 1280 4897 680 681 705 2191 1319
3048 506 1280 4897 680 681 705 2191 567
3048 506 1280 4897 680 681 705 2191 1319
3048 506 1280 4897 680 1869 1380 283 1319
3048 506 1280 4897 680 1869 1380 480 1181
3048 506 1280 4897 680 1869 1404 450 344
3048 506 1280 4897 680 1869 6 963 197
5978 57 947 4242 344 215 43 6 5365
5978 57 947 4242 344 43 296 6 5365
5978 57 947 4242 344 43 54 4293 5365
5978 57 947 4242 344 43 78 6 5365
5978 57 947 4242 344 479 1690 6 5365
5978 57 947 4242 344 577 23 6 5365
5978 57 947 4242 344 66 43 6 5365
2367 163 162 701 2027 973 66 2702 2370
2367 163 162 701 2027 43 967 2702 2370
2367 163 162 701 2027 43 156 1842 2370
2367 163 162 701 2027 43 1891 1690 1
2367 163 162 4752 43 967 66 2702 2370
2367 163 162 4752 43 1076 479 1690 1
2367 163 162 4752 43 138 837 1366 2370
2367 163 162 4752 43 2469 2470 1690 1
2367 163 162 4752 43 987 202 0 1
3945 1714 1795 751 5323 43 628 168 1486
3945 1714 1795 751 5323 43 468 2679 1486
3945 1714 1795 751 162 137 862 23 1060
3945 1714 1795 751 162 4752 43 1076 1060
3945 1714 1795 751 162 2027 43 1076 1060
3945 1714 1795 751 162 208 577 23 1060
3945 1714 1795 751 162 208 163 696 1060
3945 1714 1795 751 162 138 628 168 1486
3945 1714 1795 751 162 138 3 267 1060
3945 1714 1795 751 162 1606 577 23 1060
3945 1714 1795 751 162 1606 43 1076 1060
3945 1714 1795 751 162 1606 43 1076 1060
3945 1714 1795 751 162 2923 577 23 1060
3945 1714 1795 751 162 1876 577 23 1060
3945 1714 1795 751 162 133 577 23 1060
3945 1714 1795 751 162 133 266 267 1060
3945 1714 1795 751 162 133 3695 1077 1486
3945 1714 1795 751 162 133 568 1669 1060
645 90 3688 153 1062 468 894 744 6290
645 90 3688 153 2284 823 1043 2931 4381
645 90 3688 153 2284 823 240 744 6290
645 90 3688 153 1365 29 25 744 6290
645 90 3688 153 1365 42 479 1690 6290
645 90 3688 153 757 478 479 1690 6290
645 90 3688 153 987 202 784 744 6290
645 90 3688 153 987 202 240 744 6290
645 90 3688 153 987 202 1891 1690 6290
231 1061 296 975 1160 3415 827 368 526
231 1061 296 134 43 54 4293 368 526
231 1061 296 134 43 54 227 368 526
231 1061 296 134 43 54 359 368 526
231 1061 296 134 43 334 54 368 526
231 1061 296 134 43 334 54 368 526
231 1061 296 134 43 1678 717 94 1687
231 1061 296 134 43 6 963 45 257
231 1061 296 134 43 2608 241 4354 257
231 1061 296 134 43 515 1738 368 526
231 1061 296 134 43 411 412 2428 526
231 1061 296 134 43 411 568 368 526
231 1061 296 134 43 411 1309 368 526
231 1061 296 134 43 1891 495 216 1687
231 1061 296 134 43 57 227 368 526
231 1061 296 134 43 967 827 368 526
520 1839 869 870 3716 468 588 520 1690
520 1839 869 870 3716 468 588 520 1690
520 1839 869 870 3716 468 894 744 6290
520 1839 869 870 3716 468 86 441 202
520 1839 869 870 409 200 430 344 587
520 1839 869 870 409 200 201 45 567
520 1839 869 870 409 200 7286 528 202
520 1839 869 870 409 200 1216 823 202
520 1839 869 870 409 200 1225 1358 417
520 1839 869 870 1095 3415 827 344 587
520 1839 869 870 1095 3415 827 368 588
520 1839 869 480 813 898 1666 1124 202
520 1839 869 480 813 898 2717 1082 202
520 1839 869 480 368 657 116 344 587
520 1839 869 480 368 657 116 214 202
520 1839 869 480 368 178 24 48 587
520 1839 869 480 368 178 24 377 202
520 1839 869 480 368 178 24 468 588
520 1839 869 480 368 178 24 48 587
4864 153 1758 267 276 283 1319 618 198
4864 153 1758 267 276 879 555 1082 3163
4864 153 1758 267 276 253 555 1082 3163
4864 153 1758 267 276 1081 2717 1082 3163
1056 164 531 1358 2630 678 763 157 1330
1056 164 531 1358 663 1067 43 157 1330
1056 164 531 1358 663 208 221 64 3524
1056 164 531 1358 987 202 338 1562 1330
1056 164 531 1358 987 202 338 2248 53
1056 164 531 1358 987 202 153 157 1330
1056 164 531 1358 987 202 1412 310 1330
1056 164 531 1358 987 202 76 753 53
1056 164 531 1358 987 202 688 3694 53
1056 164 531 1358 987 202 220 753 53
1056 164 531 1358 987 202 796 663 1330
880 111 114 403 653 468 681 103 396
880 111 114 403 653 25 289 1060 396
880 111 114 403 209 1357 2416 523 396
880 111 114 495 216 471 101 240 396
880 111 114 495 216 471 432 103 396
880 111 114 495 216 217 1104 240 396
1194 5260 2457 878 1460 46 2337 1167 1308
1194 5260 2457 878 1460 46 1122 133 1270
1194 5260 2457 3085 147 148 137 209 1150
1194 5260 2457 3085 147 148 614 133 1270
1194 5260 2457 3085 147 2069 658 234 1150
1194 5260 2457 3085 147 2069 658 234 598
1194 5260 2457 3085 147 2069 658 368 1308
1194 5260 2457 3085 147 2069 658 368 1308
1194 5260 2457 3085 147 2069 658 234 598
1194 5260 2457 3085 147 2069 658 234 1150
1194 5260 2457 3085 147 1284 23 1060 598
1194 5260 2457 3085 147 1284 4244 1307 2361
1194 5260 2457 3085 147 126 463 1442 1270
1194 5260 2457 3085 147 126 463 1442 598
1194 5260 2457 3085 147 126 116 523 524
1194 5260 2457 3085 147 126 678 692 1270
1194 5260 2457 3085 147 126 33 479 1308
1194 5260 2457 3085 147 126 33 348 1270
1194 5260 2457 3085 147 876 1307 500 1308
1194 5260 2457 3085 147 876 43 1076 598
1866 4947 175 382 2867 180 163 696 3902
1866 4947 175 382 1125 3 338 111 973
1866 4947 175 382 1125 3 338 109 613
1866 4947 175 382 1125 1124 1121 1363 2230
1866 4947 175 382 1125 1124 1121 202 973
