4 1556
9 1130
9 1133
9 1137
9 1138
9 1139
9 1141
9 1142
10 342
10 343
10 344
10 345
10 351
10 354
10 367
10 374
10 378
10 387
17 853
17 854
17 855
23 9
36 1158
36 1159
36 1160
37 1501
48 1018
48 1025
48 1027
48 1041
48 1044
48 1046
48 1047
48 1049
48 1063
48 1064
48 1066
48 1079
48 1082
56 1374
56 1378
56 1386
58 794
58 795
58 796
59 853
59 854
59 855
60 458
60 461
60 462
60 463
60 464
60 478
60 479
60 482
60 491
60 507
60 511
60 514
60 516
60 534
64 1161
64 1163
65 1374
65 1378
65 1386
66 9
67 1374
67 1378
67 1386
72 1374
72 1378
72 1386
73 334
73 339
73 340
73 341
74 888
74 889
74 890
75 299
76 342
76 343
76 344
76 345
76 351
76 354
76 367
76 374
76 378
76 387
80 1374
80 1378
80 1386
84 342
84 343
84 344
84 345
84 351
84 354
84 367
84 374
84 378
84 387
89 342
89 343
89 344
89 345
89 351
89 354
89 367
89 374
89 378
89 387
90 299
92 299
97 9
101 1161
101 1163
103 1499
109 853
109 854
109 855
110 299
112 1156
124 1374
124 1378
124 1386
125 1016
156 1499
167 299
168 299
176 1374
176 1378
176 1386
179 1501
180 299
184 853
184 854
184 855
186 888
186 889
186 890
189 1374
189 1378
189 1386
194 768
194 769
200 40
200 48
200 51
206 1156
209 229
212 247
212 248
212 250
212 251
212 252
212 253
212 254
212 256
221 458
221 461
221 462
221 463
221 464
221 478
221 479
221 482
221 491
221 507
221 511
221 514
221 516
221 534
232 1130
232 1133
232 1137
232 1138
232 1139
232 1141
232 1142
233 458
233 461
233 462
233 463
233 464
233 478
233 479
233 482
233 491
233 507
233 511
233 514
233 516
233 534
234 719
234 720
234 723
244 1110
244 1111
244 1112
246 1499
247 9
252 675
252 681
252 684
252 689
252 696
252 698
253 673
253 674
256 1507
256 1508
259 1374
259 1378
259 1386
264 768
264 769
265 888
265 889
265 890
266 1170
266 1172
266 1175
267 334
267 339
267 340
267 341
272 1012
273 299
280 326
280 327
280 328
280 329
282 1156
284 392
284 395
284 397
284 399
284 401
284 402
284 405
284 410
288 299
289 1556
293 580
294 767
300 230
302 719
302 720
302 723
305 797
305 798
306 787
306 788
307 299
310 1646
310 1649
315 299
317 853
317 854
317 855
321 299
323 271
323 273
323 275
323 277
323 278
323 279
327 53
327 54
327 60
327 63
327 64
331 888
331 889
331 890
332 415
334 326
334 327
334 328
334 329
337 1179
341 719
341 720
341 723
344 258
345 299
348 299
353 1499
360 853
360 854
360 855
369 299
380 1374
380 1378
380 1386
385 1374
385 1378
385 1386
391 853
391 854
391 855
396 9
397 299
399 665
401 675
401 681
401 684
401 689
401 696
401 698
412 299
413 299
415 1130
415 1133
415 1137
415 1138
415 1139
415 1141
415 1142
419 391
420 271
420 273
420 275
420 277
420 278
420 279
421 334
421 339
421 340
421 341
422 675
422 681
422 684
422 689
422 696
422 698
425 185
427 458
427 461
427 462
427 463
427 464
427 478
427 479
427 482
427 491
427 507
427 511
427 514
427 516
427 534
431 9
434 1499
436 908
436 910
436 911
436 914
436 923
436 931
436 932
436 933
436 934
436 935
436 952
436 953
436 964
436 969
436 971
436 980
436 981
436 982
436 985
436 990
436 993
436 997
436 998
447 458
447 461
447 462
447 463
447 464
447 478
447 479
447 482
447 491
447 507
447 511
447 514
447 516
447 534
450 1309
450 1312
450 1318
450 1320
450 1322
450 1324
450 1326
450 1333
450 1337
450 1340
450 1344
450 1348
450 1351
450 1361
450 1362
451 1499
452 719
452 720
452 723
453 725
453 726
453 727
453 728
453 730
456 299
459 1374
459 1378
459 1386
462 392
462 395
462 397
462 399
462 401
462 402
462 405
462 410
464 440
464 441
464 442
464 444
464 446
472 299
480 1499
484 299
490 1499
491 1309
491 1312
491 1318
491 1320
491 1322
491 1324
491 1326
491 1333
491 1337
491 1340
491 1344
491 1348
491 1351
491 1361
491 1362
494 342
494 343
494 344
494 345
494 351
494 354
494 367
494 374
494 378
494 387
495 355
495 356
495 357
495 359
495 360
495 361
495 362
495 363
495 364
495 365
502 1374
502 1378
502 1386
504 1398
504 1408
504 1416
504 1418
504 1419
504 1420
507 1374
507 1378
507 1386
516 1499
524 1499
533 1374
533 1378
533 1386
540 1401
542 1499
551 1499
566 299
576 271
576 273
576 275
576 277
576 278
576 279
580 719
580 720
580 723
582 1008
582 1009
582 1010
588 1398
588 1408
588 1416
588 1418
588 1419
588 1420
589 888
589 889
589 890
591 9
596 299
598 346
616 1374
616 1378
616 1386
617 1374
617 1378
617 1386
618 299
622 1130
622 1133
622 1137
622 1138
622 1139
622 1141
622 1142
624 1374
624 1378
624 1386
625 1374
625 1378
625 1386
639 1374
639 1378
639 1386
640 299
641 420
641 421
641 422
641 423
642 665
643 675
643 681
643 684
643 689
643 696
643 698
644 9
651 853
651 854
651 855
661 1374
661 1378
661 1386
664 1646
664 1649
672 1374
672 1378
672 1386
673 1179
674 1374
674 1378
674 1386
689 853
689 854
689 855
691 299
699 1499
705 299
711 342
711 343
711 344
711 345
711 351
711 354
711 367
711 374
711 378
711 387
726 427
728 458
728 461
728 462
728 463
728 464
728 478
728 479
728 482
728 491
728 507
728 511
728 514
728 516
728 534
733 281
733 284
733 285
733 286
733 287
735 719
735 720
735 723
736 725
736 726
736 727
736 728
736 730
739 794
739 795
739 796
741 9
743 342
743 343
743 344
743 345
743 351
743 354
743 367
743 374
743 378
743 387
755 1130
755 1133
755 1137
755 1138
755 1139
755 1141
755 1142
758 800
758 801
758 802
758 803
758 805
758 807
758 810
761 1373
762 1158
762 1159
762 1160
763 1161
763 1163
768 9
770 299
776 415
779 1374
779 1378
779 1386
781 342
781 343
781 344
781 345
781 351
781 354
781 367
781 374
781 378
781 387
785 305
787 185
788 342
788 343
788 344
788 345
788 351
788 354
788 367
788 374
788 378
788 387
797 322
797 323
802 794
802 795
802 796
807 1374
807 1378
807 1386
815 299
824 1501
825 299
827 1583
827 1586
827 1587
827 1591
827 1593
827 1594
827 1597
827 1614
827 1627
827 1629
827 1630
827 1631
827 1639
839 1374
839 1378
839 1386
843 233
843 234
843 235
849 391
851 53
851 54
851 60
851 63
851 64
852 1309
852 1312
852 1318
852 1320
852 1322
852 1324
852 1326
852 1333
852 1337
852 1340
852 1344
852 1348
852 1351
852 1361
852 1362
853 332
853 333
855 1646
855 1649
862 853
862 854
862 855
865 1507
865 1508
868 230
869 332
869 333
871 1646
871 1649
873 334
873 339
873 340
873 341
875 342
875 343
875 344
875 345
875 351
875 354
875 367
875 374
875 378
875 387
880 1008
880 1009
880 1010
891 1161
891 1163
893 271
893 273
893 275
893 277
893 278
893 279
895 1398
895 1408
895 1416
895 1418
895 1419
895 1420
902 794
902 795
902 796
904 1499
917 299
918 307
925 1374
925 1378
925 1386
927 1373
947 1499
962 1646
962 1649
966 271
966 273
966 275
966 277
966 278
966 279
968 1646
968 1649
976 342
976 343
976 344
976 345
976 351
976 354
976 367
976 374
976 378
976 387
981 1161
981 1163
994 1556
998 1646
998 1649
1003 299
1005 458
1005 461
1005 462
1005 463
1005 464
1005 478
1005 479
1005 482
1005 491
1005 507
1005 511
1005 514
1005 516
1005 534
1006 299
1008 853
1008 854
1008 855
1009 1012
1013 271
1013 273
1013 275
1013 277
1013 278
1013 279
1017 737
1017 752
1017 755
1017 762
1017 763
1017 765
1017 766
1018 1
1018 3
1027 53
1027 54
1027 60
1027 63
1027 64
1038 1499
1045 9
1049 884
1050 853
1050 854
1050 855
1054 1499
1066 1509
1066 1511
1066 1515
1077 1499
1093 299
1094 1501
1096 342
1096 343
1096 344
1096 345
1096 351
1096 354
1096 367
1096 374
1096 378
1096 387
1098 9
1101 853
1101 854
1101 855
1105 1501
1110 281
1110 284
1110 285
1110 286
1110 287
1115 392
1115 395
1115 397
1115 399
1115 401
1115 402
1115 405
1115 410
1116 908
1116 910
1116 911
1116 914
1116 923
1116 931
1116 932
1116 933
1116 934
1116 935
1116 952
1116 953
1116 964
1116 969
1116 971
1116 980
1116 981
1116 982
1116 985
1116 990
1116 993
1116 997
1116 998
1119 1374
1119 1378
1119 1386
1126 908
1126 910
1126 911
1126 914
1126 923
1126 931
1126 932
1126 933
1126 934
1126 935
1126 952
1126 953
1126 964
1126 969
1126 971
1126 980
1126 981
1126 982
1126 985
1126 990
1126 993
1126 997
1126 998
1141 1170
1141 1172
1141 1175
1142 1374
1142 1378
1142 1386
1145 1179
1147 665
1148 675
1148 681
1148 684
1148 689
1148 696
1148 698
1160 1161
1160 1163
1161 9
1165 299
1170 299
1172 326
1172 327
1172 328
1172 329
1175 415
1184 1374
1184 1378
1184 1386
1185 1379
1185 1380
1185 1381
1185 1382
1187 299
1189 787
1189 788
1191 1170
1191 1172
1191 1175
1202 853
1202 854
1202 855
1208 271
1208 273
1208 275
1208 277
1208 278
1208 279
1212 299
1215 780
1215 782
1215 784
1225 271
1225 273
1225 275
1225 277
1225 278
1225 279
1232 458
1232 461
1232 462
1232 463
1232 464
1232 478
1232 479
1232 482
1232 491
1232 507
1232 511
1232 514
1232 516
1232 534
1236 299
1237 1374
1237 1378
1237 1386
1241 853
1241 854
1241 855
1250 1509
1250 1511
1250 1515
1258 342
1258 343
1258 344
1258 345
1258 351
1258 354
1258 367
1258 374
1258 378
1258 387
1260 299
1271 853
1271 854
1271 855
1281 1374
1281 1378
1281 1386
1288 1374
1288 1378
1288 1386
1289 1379
1289 1380
1289 1381
1289 1382
1292 299
1295 853
1295 854
1295 855
1296 1398
1296 1408
1296 1416
1296 1418
1296 1419
1296 1420
1299 299
1304 342
1304 343
1304 344
1304 345
1304 351
1304 354
1304 367
1304 374
1304 378
1304 387
1307 342
1307 343
1307 344
1307 345
1307 351
1307 354
1307 367
1307 374
1307 378
1307 387
1309 299
1310 1499
1311 853
1311 854
1311 855
1312 342
1312 343
1312 344
1312 345
1312 351
1312 354
1312 367
1312 374
1312 378
1312 387
1323 415
1332 1646
1332 1649
1351 1158
1351 1159
1351 1160
1353 1374
1353 1378
1353 1386
1355 299
1366 299
1397 1374
1397 1378
1397 1386
1398 188
1398 189
1398 190
1404 458
1404 461
1404 462
1404 463
1404 464
1404 478
1404 479
1404 482
1404 491
1404 507
1404 511
1404 514
1404 516
1404 534
1416 1309
1416 1312
1416 1318
1416 1320
1416 1322
1416 1324
1416 1326
1416 1333
1416 1337
1416 1340
1416 1344
1416 1348
1416 1351
1416 1361
1416 1362
1417 1499
1420 1583
1420 1586
1420 1587
1420 1591
1420 1593
1420 1594
1420 1597
1420 1614
1420 1627
1420 1629
1420 1630
1420 1631
1420 1639
1424 334
1424 339
1424 340
1424 341
1426 9
1428 271
1428 273
1428 275
1428 277
1428 278
1428 279
1436 1499
1438 299
1444 299
1452 455
1452 456
1453 544
1453 545
1453 546
1453 548
1453 549
1453 554
1453 555
1453 559
1453 560
1455 342
1455 343
1455 344
1455 345
1455 351
1455 354
1455 367
1455 374
1455 378
1455 387
1457 1374
1457 1378
1457 1386
1469 220
1475 1179
1484 299
1492 271
1492 273
1492 275
1492 277
1492 278
1492 279
1496 1501
1500 1501
1501 908
1501 910
1501 911
1501 914
1501 923
1501 931
1501 932
1501 933
1501 934
1501 935
1501 952
1501 953
1501 964
1501 969
1501 971
1501 980
1501 981
1501 982
1501 985
1501 990
1501 993
1501 997
1501 998
1503 1501
1504 768
1504 769
1507 1501
1509 271
1509 273
1509 275
1509 277
1509 278
1509 279
1517 299
1521 853
1521 854
1521 855
1530 1519
1530 1531
1530 1533
1530 1539
1530 1540
1530 1541
1530 1546
1530 1548
1533 458
1533 461
1533 462
1533 463
1533 464
1533 478
1533 479
1533 482
1533 491
1533 507
1533 511
1533 514
1533 516
1533 534
1536 1499
1542 9
1544 1374
1544 1378
1544 1386
1545 1646
1545 1649
1546 1309
1546 1312
1546 1318
1546 1320
1546 1322
1546 1324
1546 1326
1546 1333
1546 1337
1546 1340
1546 1344
1546 1348
1546 1351
1546 1361
1546 1362
1548 1432
1548 1435
1548 1438
1548 1443
1548 1451
1548 1452
1548 1453
1548 1458
1548 1460
1548 1463
1548 1466
1548 1467
1548 1483
1548 1489
1548 1491
1552 299
1557 415
1559 1501
1561 23
1561 24
1564 1398
1564 1408
1564 1416
1564 1418
1564 1419
1564 1420
1574 1170
1574 1172
1574 1175
1576 342
1576 343
1576 344
1576 345
1576 351
1576 354
1576 367
1576 374
1576 378
1576 387
1581 794
1581 795
1581 796
1584 299
1590 1374
1590 1378
1590 1386
1591 299
1598 1555
1601 342
1601 343
1601 344
1601 345
1601 351
1601 354
1601 367
1601 374
1601 378
1601 387
1610 1374
1610 1378
1610 1386
1617 355
1617 356
1617 357
1617 359
1617 360
1617 361
1617 362
1617 363
1617 364
1617 365
1623 1398
1623 1408
1623 1416
1623 1418
1623 1419
1623 1420
1645 1398
1645 1408
1645 1416
1645 1418
1645 1419
1645 1420
