9 1141
9 1142
9 1143
23 9
48 1018
48 1027
48 1049
48 1066
60 462
60 464
60 491
60 507
60 516
64 1161
233 462
233 464
233 491
233 507
233 516
247 9
252 689
253 673
253 674
256 1507
257 1507
284 397
284 398
284 399
284 401
305 797
323 273
327 60
327 64
332 415
334 327
360 853
360 855
391 853
391 855
401 689
415 1141
415 1142
415 1143
420 273
421 334
421 341
422 689
427 462
427 464
427 491
427 507
427 516
462 397
462 398
462 399
462 401
491 1309
491 1312
491 1351
689 853
689 855
726 427
728 462
728 464
728 491
728 507
728 516
729 462
729 464
729 491
729 507
729 516
755 1141
755 1142
755 1143
762 1160
763 1161
768 9
788 344
788 345
797 323
853 332
981 1161
1008 853
1008 855
1027 60
1027 64
1066 1509
1110 284
1141 1170
1141 1172
1141 1173
1141 1175
1160 1161
1161 9
1172 327
1173 327
1175 415
1312 344
1312 345
1351 1160
1398 189
1399 189
1416 1309
1416 1312
1416 1351
1420 1591
1452 456
1501 981
1501 998
1507 1501
1509 273
1533 462
1533 464
1533 491
1533 507
1533 516
1546 1309
1546 1312
1546 1351
1548 1438
1548 1452
1548 1453
