1995 717 2072 2069 148 614 43 450 344 1167
5551 821 1319 1365 974 328 66 116 450 344
3663 496 2046 2428 365 366 133 513 215 1714
157 2457 1367 1502 60 138 1614 42 196 43
157 2457 1367 1502 60 138 1614 42 420 43
5043 1742 344 2461 283 2384 2088 838 2615 771
3247 224 3125 5509 3415 827 1270 1194 450 344
3247 224 3125 5509 3415 827 1270 283 1319 86
10 9 2564 3125 5509 3415 827 368 875 70
1956 1515 1367 38 1426 1037 663 1016 677 65
1956 1515 1367 38 1426 1037 663 1016 1280 3209
2531 234 1944 2368 5260 2457 3085 614 133 86
2531 234 1944 2368 5260 2457 2582 1062 468 86
307 2781 1074 377 202 378 384 211 406 318
48 1356 706 2294 1268 1068 2461 283 2384 2088
310 2877 525 6149 5310 2257 1043 2931 1075 827
310 2877 525 6149 5310 2257 6317 1630 377 202
310 2877 525 6149 5310 2257 6317 1630 377 178
1805 138 4373 4374 2198 2257 6317 1690 1742 344
1805 138 4373 4374 2198 78 1319 618 743 744
3040 3039 154 212 838 1684 178 1280 221 92
1869 581 209 1167 7344 5605 1867 2717 2830 655
1869 581 209 1167 7344 5605 1454 9 1690 655
1869 581 209 1167 4186 626 3 378 178 655
1869 581 209 1167 4186 626 3 378 577 655
4840 3862 266 4435 1800 195 284 393 54 663
4840 3862 266 4435 1800 195 284 76 291 225
659 4401 4149 2018 549 1280 1309 368 838 658
659 4401 4149 2018 549 1280 403 653 838 658
4012 480 3688 153 1758 1786 3679 344 48 973
4012 480 3688 153 1758 1786 3679 344 163 1653
4012 480 3688 153 1758 1786 3679 344 1167 1653
1448 197 3048 506 1280 5225 446 178 480 1181
1448 197 3048 506 1280 5225 446 529 157 1317
42 420 479 199 293 138 1725 54 227 431
1186 1559 5169 57 227 431 293 138 678 650
1186 1559 5169 57 227 431 293 289 567 650
1159 1503 4087 810 811 430 384 684 1055 710
935 1627 2416 146 291 538 1309 368 1370 382
935 1627 2416 146 291 538 1309 43 1076 382
935 1627 2416 146 291 456 945 328 66 382
763 157 415 3085 148 2428 215 43 138 678
763 157 415 3085 148 2428 215 1714 1084 188
1885 1380 76 318 307 266 284 2484 1060 396
1885 1380 76 318 307 266 1061 614 43 334
1885 1380 76 318 307 266 1061 941 43 334
967 116 523 1298 928 212 54 368 214 1328
967 116 523 1298 928 212 54 368 1657 43
729 1698 1041 657 116 450 1370 1795 812 138
4970 1380 2536 985 352 1767 43 411 568 178
4970 1380 2536 985 352 1767 43 213 368 178
4970 1380 2536 985 352 1767 43 860 1275 178
4970 1380 2536 985 352 1767 43 54 368 178
4970 1380 2536 985 352 1767 43 296 568 178
4970 1380 2536 985 352 1767 43 334 377 178
4970 1380 2536 985 352 1767 43 44 446 178
4970 1380 2536 985 352 1767 681 103 368 178
4970 1380 2536 985 352 1767 549 25 26 178
4970 1380 2536 985 352 1767 549 1280 446 178
4970 1380 2536 985 352 1675 1206 1280 446 178
4970 1380 2536 985 352 1675 43 860 1275 178
4970 1380 2536 985 352 1675 43 54 368 178
4970 1380 2536 985 352 1675 43 296 568 178
4970 1380 2536 985 352 1675 43 411 568 178
4970 1380 2536 985 352 1675 43 44 446 178
4970 1380 2536 985 352 1675 43 213 368 178
4970 1380 2536 985 352 1675 43 334 377 178
4970 1380 2536 985 352 1675 25 5481 368 178
334 54 359 1459 3125 5509 3415 827 332 43
334 54 359 1459 3125 5509 3415 827 368 43
334 54 359 1459 3125 5509 3415 827 344 43
334 54 359 1459 3125 44 446 1453 372 43
334 54 359 1459 3125 44 446 4242 967 427
334 54 359 1459 3125 44 446 4242 344 43
334 54 359 1459 3125 44 446 838 344 43
334 54 359 1459 3125 44 446 137 862 1112
334 54 359 1459 3125 44 446 2371 1072 43
334 54 359 1459 3125 44 446 529 134 43
334 54 359 1459 3125 44 446 178 2800 43
334 54 359 1459 3125 44 446 178 2800 43
334 54 359 1459 3125 44 446 178 283 427
334 54 359 1459 3125 44 446 178 1675 43
334 54 359 1459 3125 44 446 178 2800 43
334 54 359 1459 3125 44 446 967 66 43
334 54 359 1459 3125 44 446 967 1944 43
334 54 359 1459 3125 44 446 967 427 43
334 54 359 1459 78 479 603 90 196 43
334 54 359 1459 78 479 603 90 253 43
4907 57 947 4242 967 1575 495 862 523 396
4907 57 947 4242 967 1575 1268 951 1060 396
4907 57 947 4242 967 116 408 195 240 396
4907 57 947 4242 967 116 214 2457 523 396
4907 57 947 4242 967 116 214 202 240 396
4907 57 947 4242 967 116 214 202 523 396
4907 57 947 4242 967 116 1268 951 1060 396
4907 57 947 4242 967 116 344 500 523 396
4907 57 947 4242 967 116 344 5551 821 396
4660 1590 101 240 744 1772 2284 823 178 1409
4660 1590 101 240 744 209 1150 368 178 1409
4660 1590 101 240 744 4414 234 162 178 1409
4660 1590 101 240 744 4414 480 368 178 1409
4660 1590 101 240 744 2909 5977 1275 178 1409
4660 1590 101 240 744 2909 1982 1275 178 1409
1486 4656 1655 692 577 36 8568 2983 344 3113
1486 4656 1655 692 577 36 8568 2983 344 168
1486 4656 1655 692 577 2299 175 368 468 2679
1486 4656 1655 692 577 3465 25 289 3232 188
1486 4656 1655 692 577 3465 25 670 344 168
1486 4656 1655 692 577 3465 25 670 344 3113
1486 4656 1655 692 577 3465 25 1084 188 1646
1486 4656 1655 692 577 3465 25 1084 188 400
1486 4656 1655 692 577 3465 276 209 1150 400
1486 4656 1655 692 577 3465 441 202 628 168
1486 4656 1655 692 577 3465 441 609 2843 168
1486 4656 1655 692 577 3465 441 367 468 2679
1486 4656 1655 692 577 3465 441 183 2843 168
1486 4656 1655 692 577 967 5413 65 872 168
1486 4656 1655 692 577 967 66 116 344 168
1486 4656 1655 692 577 967 66 116 344 3113
1486 4656 1655 692 577 967 66 43 468 2679
1486 4656 1655 692 577 967 66 43 628 168
5500 983 36 2232 33 581 284 393 54 1036
5500 983 36 2232 33 581 284 393 54 838
5500 983 36 2232 33 581 138 1725 54 1036
5500 983 36 2232 33 581 138 1725 54 838
5500 983 36 2232 33 581 138 678 163 838
5500 983 36 2232 33 581 138 678 653 838
5500 983 36 2232 33 581 138 678 208 838
5500 983 36 2232 33 581 4207 213 368 838
5500 983 36 2232 33 581 4207 1216 446 838
5500 983 36 2232 33 581 57 43 334 838
5500 983 36 2232 33 581 57 43 54 1036
5500 983 36 2232 33 581 57 43 54 838
5500 983 36 2232 33 581 57 227 368 838
5500 983 36 2232 33 581 57 227 163 838
5500 983 36 2232 33 581 209 1150 54 838
5500 983 36 2232 33 581 209 1150 54 1036
5500 983 36 2232 33 581 209 1150 368 838
5500 983 36 2232 33 581 209 1150 163 838
5500 983 36 2232 33 196 360 42 562 838
5500 983 36 2232 33 196 360 283 212 838
5500 983 36 2232 33 196 360 283 1336 838
3455 2282 283 1061 276 330 717 480 601 1257
2027 43 2684 1 2927 6190 694 175 368 701
2027 43 2684 1 2927 3792 8 9 928 701
2027 43 2684 1 2927 3792 8 9 1076 1660
2027 43 2684 1 2927 3792 8 9 234 162
2027 43 2684 1 2927 3792 8 9 1690 1016
2027 43 2684 1 2927 3792 8 9 1690 701
2027 43 2684 1 2927 3792 8 9 1275 701
2027 43 2684 1 2927 395 1442 1358 663 1016
2027 43 2684 1 2927 395 1442 1358 8 1332
2027 43 2684 1 2927 395 2494 2679 1486 162
2027 43 2684 1 2927 395 25 289 1167 1016
2027 43 2684 1 2927 395 25 289 567 162
2027 43 2684 1 2927 395 25 221 1275 701
2027 43 2684 1 2927 395 25 670 344 701
2027 43 2684 1 2927 395 25 670 344 1332
2027 43 2684 1 2927 395 25 5481 368 701
2027 43 2684 1 2367 1268 477 658 234 162
2027 43 2684 1 2367 1268 477 658 163 701
2027 43 2684 1 2367 1268 477 658 163 696
2027 43 2684 1 2367 1268 477 658 163 162
294 138 717 716 810 4053 257 2977 353 1121
294 138 717 716 810 811 430 1666 1124 1121
294 138 717 716 810 811 430 344 168 510
294 138 717 716 262 525 441 202 25 1084
294 138 717 716 262 525 378 178 25 1084
294 138 717 716 262 525 382 2416 1124 1121
294 138 717 716 262 525 382 1125 1124 1121
294 138 717 716 262 226 153 90 253 1121
294 138 717 716 262 226 906 2986 25 1084
294 138 717 716 262 226 1632 1240 713 1084
294 138 717 716 253 268 780 1666 1124 1121
294 138 717 716 253 268 162 178 25 1084
294 138 717 716 253 268 2018 549 25 1084
3601 1280 147 467 6191 1205 587 468 681 1682
3601 1280 147 467 6191 1205 587 1331 6 1682
3601 1280 147 467 1200 168 550 479 681 1682
3601 1280 147 467 1200 168 1936 2036 6 1682
3601 1280 147 467 1200 168 1936 468 681 1682
3601 1280 147 467 1200 168 550 479 681 1682
3601 1280 147 467 1200 168 510 43 6 1682
3601 1280 147 467 1200 168 202 867 6 1682
3601 1280 147 467 1200 168 202 1558 6 1682
3601 1280 147 467 1200 168 202 650 2091 1682
3601 1280 147 467 1200 168 202 35 6 1682
3601 1280 147 467 1200 168 202 755 1733 1682
2087 162 1232 2178 468 657 116 344 3113 1486
2087 162 1232 2178 468 657 116 344 168 1486
2087 162 1232 2178 468 3542 2280 2679 1646 1486
2087 162 1232 2178 468 3542 2280 2679 400 1486
5137 2481 38 86 3247 224 614 43 334 472
5137 2481 38 86 3247 1366 2370 2860 334 472
5137 2481 38 86 3247 168 1936 1112 334 472
9159 535 3974 1850 1131 1754 448 1365 2828 513
9159 535 3974 1850 1131 1754 448 1365 2828 513
9159 535 3974 1850 1131 1754 684 4825 567 513
9159 535 3974 1850 1131 1754 4400 9 1076 513
9159 535 3974 1850 1131 537 94 942 133 513
9159 535 3974 1850 1131 537 94 1687 1442 513
9159 535 3974 1850 518 2069 658 368 133 513
9159 535 3974 1850 518 2069 658 368 133 513
9159 535 3974 1850 518 2069 148 614 133 513
9159 535 3974 1850 518 2069 180 1112 133 513
9159 535 3974 1850 518 2059 1112 334 11 513
9159 535 3974 1850 518 2059 1112 334 2828 513
9159 535 3465 276 283 209 1655 43 1076 513
9159 535 3465 276 283 209 1150 368 133 513
1449 1892 90 196 360 3217 289 1060 25 221
1449 1892 90 196 360 3217 289 567 1280 221
1449 1892 90 196 360 434 38 86 25 221
1449 1892 90 196 360 448 1365 163 1280 221
1449 1892 90 196 360 448 1365 29 25 221
1449 1892 90 196 360 448 1365 163 1280 221
1449 1892 90 196 360 448 1365 29 25 221
1449 1892 90 196 360 42 65 1336 25 221
1449 1892 90 196 360 42 562 838 1280 221
1449 1892 90 196 360 42 420 479 291 221
1194 450 3609 1125 1124 217 2880 479 350 363
1194 450 3609 1125 1124 217 2880 479 65 872
1194 450 3609 1125 1124 217 1244 209 1167 1308
1194 450 3609 1125 1124 217 1244 209 1150 363
1194 450 3609 1125 1124 217 3383 4220 827 1270
1194 450 3609 1125 1124 217 981 479 65 872
1194 450 3609 1125 1124 217 981 479 350 363
1194 450 3609 1125 1124 217 2937 744 209 1150
1194 450 3609 1125 1124 217 2937 744 801 1270
1194 450 3609 1125 1124 217 942 291 209 1150
1194 450 3609 1125 1124 217 942 181 827 1270
1194 450 3609 1125 1124 217 942 283 209 1150
1194 450 3609 1125 1124 217 942 42 479 1308
1194 450 3609 1125 1124 217 942 42 65 872
1194 450 3609 1125 1124 217 942 65 209 1150
137 3609 1125 1124 2543 123 577 655 1280 446
137 3609 1125 1124 2543 123 577 655 1280 3209
137 3609 1125 1124 2543 123 577 655 234 162
137 3609 1125 1124 2543 123 577 23 591 383
137 3609 1125 1124 2543 123 577 23 2828 513
137 3609 1125 1124 2543 123 577 1061 1382 1268
137 3609 1125 1124 2543 123 577 1061 1657 162
137 3609 1125 1124 2543 123 577 967 450 591
137 3609 1125 1124 2543 123 577 967 450 344
137 3609 1125 1124 2543 123 577 967 116 344
137 3609 1125 1124 2543 123 577 967 116 446
137 3609 1125 1124 2543 123 577 967 116 446
137 3609 1125 1124 2543 123 577 967 116 1268
137 3609 1125 1124 2543 123 577 967 427 148
137 3609 1125 1124 2543 123 577 967 427 334
137 3609 1125 1124 2543 123 577 967 427 2116
137 3609 1125 1124 2543 123 577 967 827 344
137 3609 1125 1124 2543 123 577 967 827 869
1762 535 455 138 2416 691 43 411 568 569
1762 535 455 138 2416 691 43 296 568 569
1762 535 455 138 2416 691 43 987 821 396
1762 535 455 138 2416 691 43 1076 1060 396
1762 535 455 138 2416 587 468 681 103 396
1762 535 455 138 2416 587 213 4079 523 396
1762 535 455 138 2416 587 1112 116 523 396
1762 535 455 138 2416 587 1112 133 568 569
1762 535 455 138 2416 587 862 23 1060 396
1762 535 455 138 2416 1124 577 23 1060 396
1762 535 455 138 2416 1124 202 97 103 396
5829 653 1502 60 138 1614 291 3187 9 442
3654 252 2782 963 197 515 86 3247 1423 45
3654 252 2782 963 197 515 86 25 289 45
3654 252 2782 963 197 515 86 25 289 45
3654 252 2782 963 197 515 86 25 221 45
3654 252 2782 963 197 515 66 38 1423 45
3654 252 2782 963 197 823 202 25 289 45
3654 252 2782 963 197 823 202 25 289 45
3654 252 2782 963 197 823 202 25 221 45
3654 252 2782 963 197 823 202 1958 289 45
3654 252 2782 963 197 823 202 1958 289 45
3654 252 2782 963 197 823 202 1280 221 45
8023 727 2803 827 368 178 138 678 163 155
8023 727 2803 827 368 178 138 628 43 155
8023 727 2803 827 368 178 138 1725 54 155
8023 727 2803 827 368 178 1675 1206 43 155
8023 727 2803 827 368 178 1675 43 54 155
8023 727 2803 827 368 178 1675 1767 43 155
8023 727 2803 827 368 178 1675 5323 43 155
8023 727 2803 827 368 178 234 628 43 155
8023 727 2803 827 368 178 234 598 43 155
8023 727 2803 827 368 178 234 134 43 155
8023 727 2803 827 368 178 234 1944 43 155
8023 727 2803 827 368 178 234 1150 54 155
8023 727 2803 827 368 178 234 1150 163 155
8023 727 2803 827 368 178 1189 1570 43 155
8023 727 2803 827 368 178 1189 1570 48 155
8023 727 2803 827 368 178 1189 1767 43 155
8023 727 2803 827 368 178 1189 2354 43 155
8023 727 2803 827 368 178 1189 1835 163 155
8023 727 2803 827 368 178 25 57 43 155
8023 727 2803 827 368 178 480 47 48 155
196 195 2300 3069 415 3085 359 368 178 218
196 195 2300 3069 415 3085 359 368 875 70
196 195 2300 3069 415 3085 1855 1630 1365 42
196 195 2300 3069 415 3085 148 727 963 70
196 195 2300 3069 415 3085 148 137 717 3079
196 195 2300 3069 415 3085 614 722 360 42
196 195 2300 3069 415 3085 614 1733 291 218
196 195 2300 3069 415 3085 614 1733 220 753
196 195 2300 3069 415 3085 614 133 2573 129
196 195 2300 3069 415 3085 614 133 717 3079
196 195 2300 3069 415 3085 614 133 568 2813
196 195 2300 3069 415 3085 614 133 568 33
196 195 2300 3069 415 3085 614 43 1089 90
196 195 1367 38 86 13 513 137 717 3079
196 195 1367 38 86 13 513 153 250 567
196 195 1367 38 86 13 513 153 250 567
196 195 1367 38 86 13 513 153 1365 42
196 195 1367 38 86 13 513 48 752 753
196 195 1367 38 86 13 513 468 681 90
408 1359 2872 2366 359 368 1271 54 2273 116
408 1359 2872 2366 359 368 1370 1387 126 116
408 1359 2872 2366 359 368 1370 1216 65 262
408 1359 2872 2366 359 368 1370 4890 126 116
408 1359 2872 2366 359 368 1320 1690 1575 3062
408 1359 2872 2366 359 368 239 555 483 480
408 1359 2872 2366 359 368 239 1989 4251 1216
408 1359 2872 2366 359 368 239 43 1076 181
408 1359 2872 2366 359 368 239 43 1076 480
408 1359 2872 2366 359 368 239 43 483 480
408 1359 2872 2366 359 368 239 43 2273 116
408 1359 2872 2366 359 368 239 43 967 116
408 1359 2872 2366 359 368 239 43 54 4293
408 1359 2872 2366 359 368 239 43 334 1048
408 1359 2872 2366 359 368 239 1124 202 0
408 1359 2872 2366 359 368 239 1124 1121 18
603 90 77 534 986 276 1257 430 344 479
603 90 77 534 986 276 1257 303 24 2516
603 90 77 534 986 276 1257 990 2354 2516
603 90 77 534 986 276 253 1121 202 2516
603 90 77 534 986 276 253 441 202 2516
603 90 77 534 986 276 253 43 1519 479
603 90 77 534 986 276 253 43 1076 479
603 90 77 534 986 276 253 43 78 479
603 90 77 534 986 276 253 1082 202 2516
603 90 77 534 986 276 253 1082 42 479
603 90 77 534 986 276 330 1365 42 479
603 90 77 534 986 276 330 894 211 2516
603 90 77 534 986 276 577 4013 211 2516
603 90 77 534 986 276 283 2044 981 479
603 90 77 534 986 276 283 1336 1076 479
603 90 77 534 986 276 283 2384 2088 479
603 90 77 534 986 276 879 251 42 479
603 90 77 534 986 276 879 202 33 479
3217 898 273 262 408 195 1426 133 717 480
3217 898 273 262 408 195 1426 133 869 480
3217 898 273 262 408 195 1426 133 869 360
3217 898 273 262 408 195 1426 1037 869 360
3217 898 273 262 408 195 1426 1037 869 480
3217 898 273 262 408 195 240 744 154 360
3217 898 273 262 408 195 240 744 154 480
3217 898 273 262 408 195 240 744 494 360
3217 898 273 262 408 195 240 744 4414 480
3217 898 273 262 408 195 284 76 196 360
3217 898 273 262 408 195 284 76 318 360
3217 898 273 262 408 195 441 202 1308 480
3217 898 273 262 408 195 441 202 717 480
3217 898 273 262 408 195 441 202 35 360
3217 898 273 262 408 195 441 609 274 480
3217 898 273 262 408 195 441 367 245 480
3217 898 273 262 408 195 441 367 274 480
3217 898 273 262 408 195 1367 138 483 480
3217 898 273 262 408 195 1367 138 717 480
3217 898 273 262 408 195 1611 129 196 360
5480 495 216 1687 78 6 3 267 1060 396
5480 495 216 1687 78 6 3 378 567 2621
5480 495 216 1687 78 6 65 155 202 2621
5480 495 216 1687 78 6 65 1081 202 2621
5480 495 216 1687 78 6 963 45 567 2621
5480 495 216 1687 78 479 291 168 202 2621
5480 495 216 1687 78 479 1690 1878 4820 396
5480 495 216 1687 78 479 1690 823 821 396
5480 495 216 1687 78 479 1690 823 202 2621
5480 495 216 1687 78 479 1690 823 240 396
5480 495 216 1687 78 479 211 90 77 396
97 103 142 2108 44 446 838 962 528 202
97 103 142 2108 44 446 838 962 2123 202
97 103 142 2108 44 446 838 962 2123 202
97 103 142 2108 44 446 838 344 377 202
97 103 142 2108 44 446 838 344 168 202
97 103 142 2108 44 446 838 1280 202 3648
97 103 142 2108 44 446 838 1280 221 3648
97 103 142 2108 44 446 967 116 214 202
97 103 142 2108 44 446 967 827 1515 5014
97 103 142 2108 44 446 2593 1082 202 3648
97 103 142 2108 44 446 2593 38 168 202
97 103 142 2108 44 446 178 56 879 202
97 103 142 2108 44 446 178 338 1109 202
97 103 142 2108 44 446 178 338 205 289
97 103 142 2108 44 446 178 838 1280 202
97 103 142 2108 44 446 178 1281 1280 202
97 103 142 2108 44 446 178 25 744 289
23 2116 54 227 394 318 1441 57 1876 577
23 2116 54 227 394 318 1441 43 411 577
23 2116 54 227 394 318 1441 43 987 158
23 2116 54 227 394 318 1441 43 495 862
23 2116 54 227 394 318 1441 43 157 158
23 2116 54 227 394 318 1441 43 1076 158
23 2116 54 227 394 318 1441 43 2684 1
23 2116 54 227 394 318 2001 209 1150 577
23 2116 54 227 394 318 307 266 378 577
23 2116 54 227 394 318 307 289 1060 1625
23 2116 54 227 394 318 307 289 1635 577
23 2116 54 227 394 318 307 289 253 577
23 2116 54 227 394 318 307 2830 655 862
23 2116 54 227 394 318 307 827 344 577
23 2116 54 227 394 318 307 827 344 158
23 2116 54 227 394 318 127 1091 545 577
23 2116 54 227 394 318 127 1091 1125 158
23 2116 54 227 394 318 127 66 1657 577
23 2116 54 227 394 318 127 423 276 577
23 2116 54 227 394 318 1319 1365 163 862
665 4979 1336 838 1280 5225 54 4293 4292 66
665 4979 1336 838 1280 5225 54 4293 359 368
665 4979 1336 838 1280 5225 54 4293 872 66
665 4979 1336 838 1280 5225 54 4292 66 614
665 4979 1336 838 1280 5225 54 694 175 368
665 4979 1336 838 1280 5225 54 227 163 862
665 4979 1336 838 1280 5225 54 155 43 1122
665 4979 1336 838 1280 5225 54 2273 116 66
665 4979 1336 838 1280 5225 54 2273 495 862
665 4979 1336 838 1280 5225 54 359 1459 368
665 4979 1336 838 1280 5225 54 368 43 1122
665 4979 1336 838 1280 5225 54 368 239 614
665 4979 1336 838 1280 5225 54 368 1657 1122
665 4979 1336 838 1280 5225 54 368 1308 614
665 4979 1336 838 1280 5225 66 614 133 368
2547 516 2828 1660 2088 479 681 127 109 613
2547 516 2828 1660 2088 479 681 127 109 4103
2547 516 2828 1660 2088 479 681 103 109 613
2547 516 2828 1660 2088 479 681 103 109 4103
3711 3642 825 717 74 127 66 4244 1307 1160
3711 3642 825 717 74 127 66 1657 1307 1160
3711 3642 825 717 74 127 8 9 1358 1160
3711 3642 825 717 468 894 1477 411 1358 1160
4359 979 1936 2036 6 671 273 226 906 389
4359 979 1936 2036 6 671 273 385 906 389
528 2345 1094 2469 987 581 284 2484 682 1715
528 2345 1094 2469 987 581 138 3 338 962
528 2345 1094 2469 987 581 138 2732 500 962
528 2345 1094 2469 987 581 138 678 111 962
528 2345 1094 2469 987 581 57 138 678 962
528 2345 1094 2469 987 202 8 9 500 962
528 2345 1094 2469 987 202 8 9 838 962
528 2345 1094 2469 987 202 2324 898 3975 570
528 2345 1094 2469 987 202 138 3 338 962
528 2345 1094 2469 987 202 138 2732 500 962
528 2345 1094 2469 987 202 138 678 111 962
528 2345 1094 2469 987 202 338 2248 513 962
528 2345 1094 2469 987 202 338 827 200 7286
528 2345 1094 2469 987 202 784 744 547 5998
528 2345 1094 2469 987 202 4400 9 500 962
528 2345 1094 2469 987 202 4400 9 838 962
528 2345 1094 2469 987 202 755 283 2044 527
4012 1460 46 2337 1167 1429 1037 663 1067 1071
4012 1460 46 2337 1167 1429 1037 663 1067 1071
4012 1460 46 2337 1167 1429 663 1016 2027 973
4012 1460 46 2337 1167 1429 663 1016 163 1653
4012 1460 46 2337 1167 1429 663 157 134 2644
4012 1460 46 2337 1167 1429 663 208 163 1653
4012 1460 46 2337 1167 1429 2020 163 155 1071
4012 1460 46 2337 1167 1429 1358 987 202 973
4012 1460 46 2337 1167 1429 1358 663 1067 1071
4012 1460 46 2337 1167 1429 1280 701 2027 973
4012 1460 46 2337 1167 1429 1280 202 155 1071
4012 1460 46 2337 1167 1429 1280 202 163 1653
4012 1460 46 2337 1167 1429 1280 202 48 973
4012 1460 46 2337 1167 1429 1280 54 155 1071
4012 1460 46 2337 1167 1429 1280 2088 48 973
4012 1460 46 2337 1167 1429 1280 1150 163 1653
4012 1460 46 2337 1167 1429 368 365 366 1071
2284 823 293 722 3 3132 1562 1330 3421 153
2284 823 293 722 3 267 1060 396 134 153
2284 823 293 722 3 267 1060 396 513 153
2284 823 293 722 3 267 1060 1625 23 3934
2284 823 293 722 3 267 1060 25 221 35
2284 823 293 722 3 267 1060 25 744 1772
2284 823 293 722 3 267 1060 1380 76 153
2284 823 293 722 3 267 1060 1380 480 153
2284 823 293 722 3 267 1060 676 134 153
2284 823 293 722 3 267 827 869 480 153
2284 823 293 722 3 267 827 368 134 153
2284 823 293 722 3 267 827 266 716 153
2284 823 293 722 3 267 827 266 455 153
2284 823 293 722 3 267 276 577 23 3934
2284 823 293 722 3 267 276 1081 202 35
2284 823 293 722 3 267 276 1081 202 153
2284 823 293 722 3 267 276 879 202 35
2284 823 293 722 3 267 276 879 202 153
2284 823 293 722 3 267 276 1257 580 153
2284 823 293 722 3 338 1562 1330 3421 153
303 626 2897 2557 1365 2828 4708 43 54 359
303 626 2897 2557 1365 2828 4708 43 987 202
303 626 2897 2557 1365 2828 4708 43 155 202
303 626 2897 2557 1365 2828 1660 2088 9 234
303 626 2897 2557 1365 2828 513 1704 1088 202
