1740 402 956 985 352 1767 3393 1355 516 66 38 168
1740 402 956 985 352 1767 549 875 70 753 53 168
1740 402 956 985 352 1767 549 875 70 787 291 168
1740 402 956 985 352 1767 549 875 70 138 628 168
1740 402 956 985 352 1767 549 875 70 635 38 168
1740 402 956 985 352 1767 549 875 70 344 38 168
1740 402 956 985 352 1767 549 875 70 344 3247 168
1740 402 956 985 352 1767 549 875 116 66 38 168
1740 402 956 985 352 1767 549 875 116 563 218 168
1740 402 956 985 352 1767 549 875 116 1742 344 168
1740 402 956 985 352 1767 549 875 116 344 38 168
1740 402 956 985 352 1767 549 875 116 344 3247 168
1740 402 956 985 352 1767 549 875 116 450 344 168
1740 402 956 985 352 1767 549 1559 2280 838 344 168
1740 402 956 985 352 1767 549 1559 58 65 872 168
1740 402 956 985 352 1767 549 1280 2088 838 344 168
1740 402 956 985 352 1767 549 1280 2088 9 535 168
1740 402 956 985 352 1767 549 1280 2088 138 628 168
1740 402 956 985 352 1767 549 1280 2088 479 218 168
1690 2036 6 65 2671 2672 1477 650 1186 213 368 1320
1690 2036 6 65 2671 2672 1477 650 382 792 422 9
1690 2036 6 65 2671 2672 1477 650 382 792 588 520
1690 2036 6 65 2671 2672 1477 650 382 134 43 1891
1690 2036 6 65 2671 2672 1477 650 382 116 344 479
1690 2036 6 65 2671 2672 1477 650 382 116 523 396
1690 2036 6 65 2671 2672 1477 650 382 450 344 479
1690 2036 6 65 2671 2672 1477 650 382 2416 587 520
1690 2036 6 65 2671 2672 1477 650 382 2416 523 396
1690 2036 6 65 2671 2672 1477 650 707 34 2033 9
1690 2036 6 65 2671 2672 1477 650 707 2673 344 479
1690 2036 6 65 2671 2672 1477 650 2807 1290 780 9
1690 2036 6 65 2671 2672 1477 650 1325 1067 43 1891
1690 2036 6 65 2671 2672 1477 650 1325 894 744 801
1690 2036 6 65 2671 2672 1477 650 1177 1380 480 801
1690 2036 6 65 2671 2672 1477 650 2280 692 422 9
1690 2036 6 65 2671 2672 1477 650 2280 692 2100 479
1690 2036 6 65 2671 2672 1477 650 2280 838 344 479
1690 2036 6 65 2671 2672 1477 650 2280 2679 1486 1631
1690 2036 6 65 2671 2672 1477 650 2091 1682 1817 1891
1698 1041 657 116 66 665 1141 134 43 60 138 729
1698 1041 657 116 66 665 1141 134 43 1076 138 729
1698 1041 657 116 66 665 1141 134 43 334 138 729
1698 1041 657 116 66 665 1141 134 43 57 138 729
1698 1041 657 116 66 665 1141 134 869 137 138 729
1698 1041 657 116 66 665 1141 134 869 57 138 729
1698 1041 657 116 66 665 4979 3986 1336 43 138 729
1698 1041 657 116 66 665 4979 3986 1336 1076 138 729
1698 1041 657 116 66 665 4979 1336 1076 57 138 729
1698 1041 657 116 66 665 4979 1336 1076 43 138 729
1698 1041 657 116 66 665 4979 1336 1076 35 1043 1697
1698 1041 657 116 66 665 4979 1336 56 57 138 729
658 677 65 3609 1125 1124 577 3465 3466 378 178 838
658 677 65 3609 1125 1124 577 3465 3466 378 567 477
658 677 65 3609 1125 1124 577 3465 25 221 1370 477
658 677 65 3609 1125 1124 577 3465 25 57 1073 2069
658 677 65 3609 1125 1124 577 3465 25 57 1073 2069
658 677 65 3609 1125 1124 577 3465 25 670 344 477
658 677 65 3609 1125 1124 577 3465 25 5481 368 838
658 677 65 3609 1125 1124 577 3465 25 289 567 477
658 677 65 3609 1125 1124 577 3465 25 744 801 477
658 677 65 3609 1125 1124 577 3465 25 26 178 838
658 677 65 3609 1125 1124 577 3465 1918 378 567 477
658 677 65 3609 1125 1124 577 3465 1918 378 178 838
658 677 65 3609 1125 1124 577 3465 1918 3441 9 838
658 677 65 3609 1125 1124 577 3465 1918 283 1336 838
658 677 65 3609 1125 1124 577 3465 1918 283 212 838
658 677 65 3609 1125 1124 577 3465 276 283 1336 838
658 677 65 3609 1125 1124 577 3465 276 283 212 838
658 677 65 3609 1125 1124 577 3465 276 330 518 2069
658 677 65 3609 1125 1124 577 3465 276 330 518 2069
658 677 65 3609 1125 1124 577 3465 2574 2647 54 838
1995 717 2072 2069 148 614 43 2512 516 66 714 2888
1995 717 2072 2069 148 614 43 467 1200 65 209 1167
1995 717 2072 2069 148 614 43 467 1200 65 1956 1167
1995 717 2072 2069 148 614 43 450 1370 2910 1280 1167
1995 717 2072 2069 148 614 43 450 1370 2910 500 1167
1995 717 2072 2069 148 614 43 450 344 66 714 2888
1995 717 2072 2069 148 614 43 450 344 163 162 1167
1995 717 2072 2069 148 614 43 450 344 163 1280 1167
1995 717 2072 2069 148 614 43 450 344 137 209 1167
1995 717 2072 2069 148 614 43 450 344 377 178 1167
1995 717 2072 2069 148 614 43 450 344 500 523 1167
1995 717 2072 2069 148 614 43 450 344 587 209 1167
1995 717 2072 2069 148 614 43 450 344 2017 750 2888
1995 717 2072 2069 148 614 43 450 344 2017 178 1167
1995 717 2072 2069 148 614 43 450 344 2910 1280 1167
1995 717 2072 2069 148 614 43 450 344 2910 500 1167
1995 717 2072 2069 148 614 43 450 344 1268 209 1167
4204 681 0 983 36 2232 33 348 250 567 2154 1830
4204 681 0 983 36 2232 33 348 250 567 2154 1830
4204 681 0 983 36 2232 33 348 138 2732 866 1830
3291 1365 714 95 3694 289 1387 126 33 479 1690 823
3291 1365 714 95 3694 289 1387 126 463 1442 101 823
3291 1365 714 95 3694 289 1387 126 116 214 202 823
3291 1365 714 95 3694 289 1387 126 116 1477 99 823
3291 1365 714 95 3694 289 1387 126 116 1477 99 823
3291 1365 714 95 3694 289 1387 126 678 208 221 823
3291 1365 714 95 3694 289 1387 1856 353 1121 202 823
3291 1365 714 95 3694 289 1387 1855 483 480 1216 823
3291 1365 714 95 3694 289 1387 1855 483 480 101 823
3291 1365 714 95 3694 289 1387 1855 483 441 202 823
3291 1365 714 95 3694 289 1387 1855 1630 1631 1690 823
3291 1365 714 95 3694 289 1387 1855 1630 377 202 823
3291 1365 714 95 3694 289 1387 38 224 1423 567 823
3291 1365 714 95 3694 289 1387 38 1423 45 567 823
3291 1365 714 95 3694 289 1387 38 1423 567 181 823
3291 1365 714 95 3694 289 1387 38 168 510 101 823
1546 1379 3894 577 5478 596 209 1655 43 987 821 396
1546 1379 3894 577 5478 596 209 1655 43 1076 1060 396
1546 1379 3894 577 5478 596 209 1655 1429 368 1307 1788
1546 1379 3894 577 5478 596 209 1167 1653 1878 4820 396
1546 1379 3894 577 5478 596 209 1167 1429 368 1307 1788
1546 1379 3894 577 5478 596 209 1167 1308 368 1307 1788
1546 1379 3894 577 5478 596 209 1167 827 368 1307 1788
1546 1379 3894 577 5478 596 209 1167 827 344 920 1788
1546 1379 3894 577 5478 596 209 1167 5199 344 920 1788
1546 1379 3894 577 5478 596 209 1167 1326 2889 5310 396
90 1772 414 1079 5176 1043 2931 1363 2230 1866 455 153
90 1772 414 1079 5176 1043 2931 1363 2230 1866 455 773
90 1772 414 1079 5176 1043 2931 1363 2230 1866 455 610
90 1772 414 1079 5176 1043 2931 1363 4354 257 480 601
90 1772 414 1079 5176 1043 2931 1363 4354 257 480 153
90 1772 414 1079 5176 1043 2931 1363 142 127 423 153
90 1772 414 1079 5176 1043 2931 1363 2819 525 441 609
90 1772 414 1079 5176 1043 2931 1363 406 13 2615 153
90 1772 414 1079 5176 1043 2931 1363 406 13 513 153
90 1772 414 1079 5176 1043 2931 1363 406 13 9 1248
90 1772 414 1079 5176 1043 2931 1363 126 116 494 1898
90 1772 414 1079 5176 1043 2931 1363 126 116 1477 99
90 1772 414 1079 5176 1043 2931 1363 126 116 134 153
90 1772 414 1079 5176 1043 2931 1363 126 116 1477 99
90 1772 414 1079 5176 1043 2931 1363 126 33 479 681
90 1772 414 1079 5176 1043 2931 1363 126 33 479 211
90 1772 414 1079 5176 1043 2931 1363 126 33 479 603
90 1772 414 1079 5176 1043 2931 1363 126 1944 43 1089
90 1772 414 1079 5176 1043 2931 1363 126 678 789 153
90 1772 414 1079 5176 1043 2931 1363 126 678 1084 188
5551 821 1319 1365 974 328 66 116 60 138 678 163
5551 821 1319 1365 974 328 66 116 1477 967 450 344
5551 821 1319 1365 974 328 66 116 1477 967 827 344
5551 821 1319 1365 974 328 66 116 1477 967 5413 163
5551 821 1319 1365 974 328 66 116 1477 133 1039 344
5551 821 1319 1365 974 328 66 116 450 1370 227 163
5551 821 1319 1365 974 328 66 116 446 137 862 163
5551 821 1319 1365 974 328 66 116 446 838 344 163
5551 821 1319 1365 974 328 66 116 446 838 658 163
5551 821 1319 1365 974 328 66 116 446 967 5413 163
5551 821 1319 1365 974 328 66 116 446 967 827 344
5551 821 1319 1365 974 328 66 116 446 967 450 344
5551 821 1319 1365 974 328 66 116 446 4242 344 163
5551 821 1319 1365 974 328 66 116 446 178 4242 344
5551 821 1319 1365 974 328 66 116 446 178 838 344
5551 821 1319 1365 974 328 66 116 446 178 1409 163
3663 496 2046 2428 365 366 133 4322 185 1261 1999 1714
3663 496 2046 2428 365 366 133 4322 185 77 72 1714
3663 496 2046 2428 365 366 133 4322 185 221 682 1714
3663 496 2046 2428 365 366 133 4322 185 221 273 1714
3663 496 2046 2428 365 366 133 4421 134 43 1999 1714
3663 496 2046 2428 365 366 133 513 66 714 7437 1714
3663 496 2046 2428 365 366 133 513 66 714 7436 1714
3663 496 2046 2428 365 366 133 513 66 43 1999 1714
3663 496 2046 2428 365 366 133 513 66 1657 215 1714
3663 496 2046 2428 365 366 133 513 215 43 1999 1714
3663 496 2046 2428 365 366 133 513 3646 43 1999 1714
3663 496 2046 2428 365 366 133 513 395 1442 2870 1714
3663 496 2046 2428 365 366 133 513 1072 43 1999 1714
45 3654 1717 3272 132 483 441 718 101 318 307 289
45 3654 1717 3272 132 483 441 718 101 318 307 289
45 3654 1717 3272 132 483 441 718 101 318 360 201
45 3654 1717 3272 132 483 441 718 101 680 1869 289
45 3654 1717 3272 132 483 441 718 101 680 1869 289
45 3654 1717 3272 132 483 441 718 101 894 744 289
45 3654 1717 3272 132 483 441 718 101 894 744 289
45 3654 1717 3272 132 483 441 718 101 240 744 289
45 3654 1717 3272 132 483 441 718 101 240 744 289
45 3654 1717 3272 132 483 441 718 101 240 1568 289
45 3654 1717 3272 132 483 441 718 101 240 1568 289
45 3654 1717 3272 132 483 441 718 101 240 397 289
45 3654 1717 3272 132 483 441 718 101 240 397 289
45 3654 1717 3272 132 483 441 718 101 240 396 1011
45 3654 1717 3272 132 483 441 718 101 823 821 289
45 3654 1717 3272 132 483 441 718 101 823 821 289
45 3654 1717 3272 132 483 441 718 101 823 293 289
45 3654 1717 3272 132 483 441 718 101 823 293 289
45 3654 1717 3272 132 483 441 718 101 823 202 963
45 3654 1717 3272 132 483 441 718 101 823 549 963
45 3654 1717 3272 132 483 441 718 431 430 205 289
45 3654 1717 3272 132 483 441 718 431 430 205 289
6627 581 3688 153 157 2299 175 382 134 869 360 942
6627 581 3688 153 157 2299 175 382 1125 1124 217 942
6627 581 3688 153 157 2299 175 382 234 162 94 942
6627 581 3688 153 157 2299 175 382 146 291 221 942
6627 581 3688 153 157 2299 175 382 2416 1124 217 942
6627 581 3688 153 157 2299 175 382 116 494 360 942
6627 581 3688 153 157 2299 175 568 1344 368 239 942
6627 581 3688 153 157 2299 175 568 1037 869 360 942
6627 581 3688 153 157 2299 175 568 394 318 360 942
6627 581 3688 153 157 2299 175 568 394 25 221 942
160 525 36 2232 2028 716 267 827 368 133 3695 1077
1721 3167 717 1256 267 1060 1061 1826 138 678 1084 12
1721 3167 717 1256 267 1060 1061 1657 215 1714 1084 12
1721 3167 717 1256 267 1060 1061 1657 86 1002 1084 12
1721 3167 717 1256 267 1060 1061 1657 86 25 1084 12
157 2457 1367 1502 60 138 1614 42 196 43 334 663
157 2457 1367 1502 60 138 1614 42 196 43 54 663
157 2457 1367 1502 60 138 1614 42 196 43 468 657
157 2457 1367 1502 60 138 1614 42 196 43 515 657
157 2457 1367 1502 60 138 1614 42 196 43 134 153
157 2457 1367 1502 60 138 1614 42 196 195 163 696
157 2457 1367 1502 60 138 1614 42 196 360 372 43
157 2457 1367 1502 60 138 1614 42 420 479 291 657
157 2457 1367 1502 60 138 1614 42 420 479 1690 1094
157 2457 1367 1502 60 138 1614 42 420 479 199 153
157 2457 1367 1502 60 138 1614 42 420 479 350 153
157 2457 1367 1502 60 138 1614 42 420 43 468 657
157 2457 1367 1502 60 138 1614 42 420 43 515 657
157 2457 1367 1502 60 138 1614 42 420 43 134 153
157 2457 1367 1502 60 138 1614 42 420 43 334 663
157 2457 1367 1502 60 138 1614 42 420 43 54 663
157 2457 1367 1502 60 138 1614 42 65 66 1657 43
157 2457 1367 1502 60 138 1614 42 65 66 1657 657
157 2457 1367 1502 60 138 1614 42 65 66 614 43
4820 396 663 870 409 410 5252 495 862 163 1653 1878
4820 396 663 870 409 410 5252 495 216 534 1653 1878
4820 396 663 870 409 200 95 3694 289 1167 1653 1878
4820 396 663 870 409 200 95 386 283 577 655 1878
4820 396 663 870 409 200 95 100 1693 534 1653 1878
2371 1963 983 36 2232 2028 716 267 1060 57 1073 534
2371 1963 983 36 2232 2028 716 267 1060 332 333 446
2371 1963 983 36 2232 2028 716 267 1060 101 1693 534
2371 1963 983 36 2232 2028 716 267 1060 101 5225 446
2371 1963 983 36 2232 2028 716 267 2299 175 333 446
2371 1963 983 36 2232 2028 716 267 276 1081 202 446
2371 1963 983 36 2232 2028 716 267 276 879 202 446
2371 1963 983 36 2232 2028 716 267 827 368 178 446
2371 1963 983 36 2232 2028 716 267 827 332 333 446
2371 1963 983 36 2232 2028 716 267 827 200 1216 446
2371 1963 983 36 2232 2028 716 267 827 1275 178 446
2371 1963 983 36 2232 2028 716 153 1365 714 1099 446
2371 1963 983 36 2232 2028 716 153 1365 100 1693 534
2371 1963 983 36 2232 2028 716 153 1365 163 1280 446
2371 1963 983 36 2232 2028 716 153 250 567 178 446
2371 1963 983 36 2232 2028 716 153 250 567 1280 446
2371 1963 983 36 2232 2028 716 153 250 567 178 446
2371 1963 983 36 2232 2028 716 153 250 567 1280 446
2371 1963 983 36 2232 2028 716 153 134 43 334 534
2371 1963 983 36 2232 2028 716 153 134 43 44 446
35 227 441 4093 771 116 1477 2273 495 216 25 221
35 227 441 4093 771 116 1477 2273 495 216 1336 1076
35 227 441 4093 771 116 1477 99 1125 1124 202 823
35 227 441 4093 771 116 1477 99 1125 1124 1121 202
35 227 441 4093 771 116 1477 99 1084 188 1336 1076
35 227 441 4093 771 116 1477 99 1084 188 185 221
35 227 441 4093 771 116 1477 99 1084 480 1216 823
35 227 441 4093 771 116 1477 99 1084 480 101 823
35 227 441 4093 771 116 1477 99 1084 276 1081 202
35 227 441 4093 771 116 1477 99 1084 276 879 202
35 227 441 4093 771 116 1477 99 183 655 1280 202
35 227 441 4093 771 116 1477 99 183 655 1280 221
35 227 441 4093 771 116 1477 99 183 655 377 202
35 227 441 4093 771 116 1477 99 183 655 234 1126
35 227 441 4093 771 116 1477 99 183 2843 202 823
35 227 441 4093 771 116 1477 99 183 2843 168 202
35 227 441 4093 771 116 1477 99 175 382 234 1126
35 227 441 4093 771 116 1477 99 175 382 616 908
5043 1742 344 2461 283 2384 2088 1631 1418 65 792 771
5043 1742 344 2461 283 2384 2088 1631 1418 65 2615 771
5043 1742 344 2461 283 2384 2088 1631 1418 1325 1067 771
5043 1742 344 2461 283 2384 2088 694 175 382 792 771
5043 1742 344 2461 283 2384 2088 838 1684 178 2615 771
5043 1742 344 2461 283 2384 2088 138 483 441 4093 771
935 1627 46 2337 1167 5492 4048 588 134 869 1082 382
935 1627 46 2337 1167 5492 4048 588 134 43 1076 382
935 1627 46 2337 1167 5492 4048 588 134 153 90 77
935 1627 46 2337 1167 5492 4048 588 4002 43 1076 382
935 1627 46 2337 1167 1995 43 2324 898 3975 537 382
935 1627 46 2337 1167 1995 43 2324 898 1666 3949 382
935 1627 46 2337 1167 1995 43 2324 898 2717 1082 382
935 1627 46 2337 1167 1995 43 44 446 529 2291 382
935 1627 46 2337 1167 1995 43 44 446 2593 1082 382
935 1627 46 2337 1167 1995 43 44 446 967 66 382
935 1627 46 2337 1167 1995 43 44 446 178 537 382
935 1627 46 2337 1167 1995 43 134 153 90 77 382
935 1627 46 2337 1167 1995 43 134 153 328 66 382
935 1627 46 2337 1167 1995 43 134 153 887 525 382
935 1627 46 2337 1167 1995 43 448 1365 694 175 382
935 1627 46 2337 1167 1995 43 448 1365 694 175 382
935 1627 46 2337 1167 1995 43 448 3487 368 1370 382
935 1627 46 2337 1167 1995 43 448 1391 1257 175 382
1652 1357 2416 3 267 276 1257 175 382 450 344 168
1652 1357 2416 3 267 276 1257 175 382 234 628 168
1652 1357 2416 3 267 276 1257 175 382 234 1150 1280
1652 1357 2416 3 267 276 1257 175 382 116 344 168
1652 1357 2416 3 267 276 1257 175 382 116 66 714
1652 1357 2416 3 267 276 1257 175 382 146 291 168
1652 1357 2416 3 267 276 1257 175 382 792 655 1280
1652 1357 2416 3 267 276 1257 175 333 446 178 1280
1652 1357 2416 3 267 276 1257 175 333 446 838 1280
1652 1357 2416 3 267 276 1257 175 596 209 1150 1280
1652 1357 2416 3 267 276 1257 175 368 1124 202 1280
1652 1357 2416 3 267 276 1257 175 368 239 11 1280
1652 1357 2416 3 267 276 1257 175 368 180 163 1280
1652 1357 2416 3 267 276 1257 175 368 1657 1365 714
1652 1357 2416 3 267 276 1257 175 368 900 54 1036
1652 1357 2416 3 267 276 1257 175 368 1271 54 1036
1652 1357 2416 3 267 276 1257 175 368 133 3695 1077
1652 1357 2416 3 267 276 1257 175 368 214 202 1280
1652 1357 2416 3 267 276 1257 175 368 1370 2910 1280
2347 515 874 2065 710 786 430 384 684 25 221 677
2347 515 874 2065 710 786 430 384 684 567 9 1248
2347 515 874 2065 710 786 430 384 211 492 717 1248
2347 515 874 2065 710 786 430 205 289 567 9 1248
2347 515 874 2065 710 786 430 205 289 138 717 1248
2347 515 874 2065 710 786 430 205 289 1060 676 677
2347 515 874 2065 710 786 430 205 289 1167 1016 677
2347 515 874 2065 710 786 430 344 47 1216 65 677
2347 515 874 2065 710 786 430 344 215 133 717 1248
2347 515 874 2065 710 786 430 344 215 43 1170 1248
2347 515 874 2065 710 786 430 344 215 407 65 677
2347 515 874 2065 710 786 430 344 66 43 1170 1248
2347 515 874 2065 710 786 430 344 677 138 717 1248
2347 515 874 2065 710 786 430 344 105 468 717 1248
2347 515 874 2065 710 786 430 344 105 31 65 677
2347 515 874 2065 710 786 430 344 105 468 717 1248
3247 224 3125 5509 3415 827 1270 1194 163 1233 234 86
3247 224 3125 5509 3415 827 1270 1194 163 162 133 86
3247 224 3125 5509 3415 827 1270 1194 163 696 3679 344
3247 224 3125 5509 3415 827 1270 1194 163 862 468 86
3247 224 3125 5509 3415 827 1270 1194 163 1367 38 86
3247 224 3125 5509 3415 827 1270 1194 163 5551 821 86
3247 224 3125 5509 3415 827 1270 1194 163 587 468 86
3247 224 3125 5509 3415 827 1270 1194 450 591 1657 86
3247 224 3125 5509 3415 827 1270 1194 450 344 38 86
3247 224 3125 5509 3415 827 1270 283 577 1061 1657 86
3247 224 3125 5509 3415 827 1270 283 577 655 234 86
3247 224 3125 5509 3415 827 1270 283 577 967 450 344
3247 224 3125 5509 3415 827 1270 283 577 967 116 344
3247 224 3125 5509 3415 827 1270 283 1319 513 468 86
3247 224 3125 5509 3415 827 1270 283 1319 1049 838 344
3247 224 3125 5509 3415 827 1270 283 1336 25 670 344
3247 224 3125 5509 3415 827 1270 283 1336 467 468 86
3247 224 3125 5509 3415 827 1270 283 1336 43 515 86
972 3257 985 352 1795 751 2029 3 378 348 441 367
972 3257 985 352 1795 751 157 134 43 483 441 367
972 3257 985 352 1795 751 157 158 11 227 441 367
7088 902 1915 1816 6896 1263 1530 1356 178 25 744 547
7088 902 1915 1816 6896 1263 1530 1356 178 24 1257 547
7088 902 1915 1816 6896 1263 1530 1453 372 743 744 547
7088 902 1915 1816 6896 1263 4271 1365 29 25 744 547
4012 480 601 5411 717 94 635 4621 530 291 163 1653
4012 480 601 5411 717 94 635 4621 530 291 163 1653
4012 480 601 5411 717 94 635 63 64 663 1067 1071
4012 480 601 5411 717 94 635 172 127 66 4244 973
4012 480 601 5411 717 94 635 172 408 195 163 1653
4012 480 601 5411 717 94 635 172 245 1372 202 973
4012 480 601 5411 717 94 635 318 381 382 134 2644
4012 480 601 5411 717 94 635 318 2755 9 1067 1071
4012 480 601 5411 717 94 635 318 1319 513 48 973
4012 480 601 5411 717 94 635 318 1319 1365 163 1653
4012 480 601 5411 717 94 635 318 307 827 344 973
4012 480 601 5411 717 94 635 318 307 289 1167 1653
4012 480 601 5411 717 94 635 318 1441 43 155 1071
4012 480 601 5411 717 94 635 318 1441 43 134 2644
4012 480 601 5411 717 94 635 318 1441 455 111 973
4012 480 601 5411 717 94 635 318 2001 209 1167 1653
4012 480 601 5411 717 94 635 318 3465 441 202 973
4012 480 601 5411 717 94 635 318 127 66 4244 973
4012 480 601 5411 717 94 635 38 168 1936 163 1653
4012 480 601 5411 717 94 635 38 168 1486 155 1071
4012 480 601 5411 717 94 635 38 168 1328 8839 1071
1078 1134 456 945 328 66 46 2481 38 168 1936 2370
1078 1134 456 945 328 66 46 2481 38 138 628 1029
1078 1134 456 945 328 66 46 1122 1944 43 628 1029
1078 1134 456 945 328 66 46 1122 133 3695 1077 1251
1078 1134 456 945 328 66 46 1122 133 43 628 1029
1078 1134 456 945 328 66 46 1122 69 202 628 1029
1078 1134 456 945 328 66 4244 1307 1124 202 628 1029
1078 1134 456 945 328 66 4244 1307 333 5796 1842 2370
1078 1134 456 945 328 66 4244 1307 500 138 628 1029
371 157 2299 175 568 890 1232 2178 2191 567 513 215
371 157 2299 175 568 890 1232 2178 2191 1319 513 215
371 157 2299 175 568 890 1232 2178 2191 1319 513 215
371 157 2299 175 568 890 1232 2178 9 1076 513 215
371 157 2299 175 568 890 1232 2178 9 1358 3062 215
371 157 2299 175 568 890 1232 2178 9 1061 1657 86
371 157 2299 175 568 890 1232 2178 9 1061 1657 86
371 157 2299 175 568 890 1232 2178 9 1061 1657 215
371 157 2299 175 568 890 1232 2178 9 838 344 215
371 157 2299 175 568 890 1232 2178 9 78 1319 86
371 157 2299 175 568 890 1232 2178 9 78 1319 86
371 157 2299 175 568 890 1232 2178 9 1067 1071 215
371 157 2299 175 568 890 1232 2178 9 978 468 86
371 157 2299 175 568 890 1232 2178 9 978 468 86
371 157 2299 175 568 890 1232 2178 9 1690 2420 215
1448 197 823 35 217 3383 4220 827 344 43 157 1317
1448 197 823 35 217 3383 4220 827 344 158 11 1317
1448 197 823 35 217 3383 4220 827 344 2116 1183 1317
1448 197 823 35 217 3383 4220 827 344 105 480 1181
1448 197 823 35 217 3383 4220 827 344 48 1356 3441
1448 197 823 35 217 3383 4220 827 344 500 523 3441
1448 197 823 35 217 3383 4220 827 344 2017 157 1317
1448 197 823 35 217 3383 4220 827 869 57 3602 1317
1448 197 823 35 217 3383 4220 827 869 751 157 1317
1448 197 823 35 217 3383 4220 827 56 57 3602 1317
1448 197 823 35 217 3383 4220 827 56 879 378 3441
1448 197 823 35 217 3383 4220 827 368 178 480 1181
1448 197 823 35 217 3383 4220 827 368 1657 1307 1317
1448 197 823 35 217 3383 4220 827 368 3 378 3441
1448 197 823 35 217 3383 4220 827 368 657 157 1317
1448 197 823 35 217 3383 4220 827 368 239 2331 1317
1448 197 823 35 217 3383 4220 827 368 239 11 1317
1448 197 823 35 217 3383 4220 827 368 875 2025 1317
1448 197 823 35 217 3383 4220 827 368 43 157 1317
1206 549 596 209 5042 359 303 24 534 1275 178 1675
1206 549 596 209 5042 359 303 24 534 3 338 109
1206 549 596 209 5042 359 303 24 189 3470 127 109
1206 549 596 209 5042 359 303 24 189 178 338 109
1206 549 596 209 5042 359 303 24 189 142 127 109
1206 549 596 209 5042 359 303 24 48 1356 178 1675
1206 549 596 209 5042 359 303 24 468 681 127 109
1206 549 596 209 5042 359 303 24 468 681 103 109
1206 549 596 209 5042 359 303 24 1477 411 568 1675
1206 549 596 209 5042 359 303 24 1477 133 568 1675
3 3132 1562 1330 2773 2091 2065 4621 530 735 162 138
3 3132 1562 1330 2773 2091 2065 4621 530 735 293 138
3 3132 1562 1330 2773 2091 2065 4621 530 735 293 722
3 3132 1562 1330 2773 2091 2065 4621 530 291 209 1150
3 3132 1562 1330 2773 2091 2065 4621 530 291 221 138
3 3132 1562 1330 2773 2091 2065 4621 530 291 168 800
3 3132 1562 1330 2773 2091 2065 4621 530 1181 209 1150
3 3132 1562 1330 2773 2091 2065 4621 530 1181 46 2481
3 3132 1562 1330 2773 2091 2065 4621 530 1181 1448 722
3 3132 1562 1330 2773 2091 2065 4621 530 1181 133 368
3 3132 1562 1330 2773 2091 2065 4621 530 1181 43 6
3 3132 1562 1330 2773 2091 2065 4621 530 1181 43 138
3 3132 1562 1330 2773 2091 2065 4621 530 1181 162 138
3 3132 1562 1330 2773 2091 2065 4621 530 57 43 138
3 3132 1562 1330 2773 2091 2065 4621 530 57 43 6
3 3132 1562 1330 2773 2091 2065 4621 530 57 1357 2416
3 3132 1562 1330 2773 2091 2065 4621 530 57 1073 1125
3 3132 1562 1330 2773 2091 2065 4621 530 57 1073 534
3 3132 1562 1330 2773 2091 2065 4621 530 57 2036 6
3 3132 1562 1330 2773 2091 2065 4621 530 57 2402 722
7029 789 1639 1751 1989 904 1379 213 368 43 138 678
7029 789 1639 1751 1989 904 1379 213 368 48 138 678
7029 789 1639 1751 1989 904 1379 213 368 239 2630 678
7029 789 1639 1751 1989 904 1379 213 368 178 138 678
7029 789 1639 1751 1989 904 1379 213 368 178 138 678
7029 789 1639 1751 1989 904 1379 213 1268 717 138 678
7029 789 1639 1751 1989 904 1379 213 1268 137 138 678
7029 789 1639 1751 1989 904 1379 213 2249 696 138 678
7029 789 1639 1751 1989 904 1379 531 57 43 138 678
7029 789 1639 1751 1989 904 1379 531 57 581 138 678
7029 789 1639 1751 1989 904 1379 531 1367 38 138 678
7029 789 1639 1751 1989 904 1379 377 178 455 138 678
7029 789 1639 1751 1989 904 1379 377 178 48 138 678
7029 789 1639 1751 1989 904 1379 377 178 24 189 678
1217 1763 6 946 5169 1795 1310 1311 1657 1365 714 4561
1217 1763 6 946 5169 1795 1310 1311 1657 86 1442 1088
1217 1763 6 946 5169 1795 1310 1311 1657 86 1442 1088
1217 1763 6 946 5169 1795 1310 1311 1657 86 1477 99
1217 1763 6 946 5169 1795 1310 1311 1657 43 1477 99
1217 1763 6 946 5169 1795 1310 1094 157 1330 3421 99
1217 1763 6 946 5169 1795 1310 1094 2469 894 1477 99
1217 1763 6 946 5169 1795 1310 1094 2672 1477 99 1088
1217 1763 6 946 5169 1795 1310 137 663 1330 3421 99
1217 1763 6 946 5169 1795 1310 137 663 894 1477 99
1217 1763 6 946 5169 1795 1310 137 663 208 221 64
1217 1763 6 946 5169 1795 1310 137 573 365 366 99
1217 1763 6 946 5169 1795 1310 137 717 3464 2581 1088
1217 1763 6 946 5169 1795 1310 137 929 479 63 64
1217 1763 6 946 5169 1795 1310 2569 66 43 1477 99
1217 1763 6 946 5169 1795 1310 2569 66 116 1477 99
1217 1763 6 946 5169 1795 1310 2569 66 116 1477 99
1217 1763 6 946 5169 1795 1310 2569 66 714 2248 53
1217 1763 6 946 5169 1795 1310 66 967 116 1477 99
2630 678 710 1159 1568 811 786 430 344 973 1225 1358
2630 678 710 1159 1568 811 786 430 344 500 411 1358
2630 678 710 1159 1568 811 786 430 344 1167 1429 1358
2630 678 710 1159 1568 811 786 430 344 43 411 1358
2630 678 710 1159 1568 811 353 1714 1084 213 368 239
2630 678 710 1159 1568 811 353 1714 1084 12 1721 1015
2630 678 710 1159 1568 811 353 1714 1084 480 368 239
2630 678 710 1159 1568 811 353 1030 635 103 3676 1358
2630 678 710 1159 1568 811 353 1030 635 103 368 239
2630 678 710 1159 1568 811 353 1030 463 1441 3555 1015
2630 678 710 1159 1568 811 353 1121 56 57 1073 1358
2630 678 710 1159 1568 811 353 1121 289 1167 1429 1358
2630 678 710 1159 1568 811 353 1121 289 567 368 239
2630 678 710 1159 1568 811 353 1121 289 567 1429 1358
2630 678 710 1159 1568 811 353 1121 289 567 9 1358
2630 678 710 1159 1568 811 353 1121 1372 2976 531 1358
10 9 2564 3125 5509 3415 827 368 1124 202 963 70
10 9 2564 3125 5509 3415 827 368 43 6 963 70
1073 4773 1659 495 596 209 1357 2416 3621 554 158 57
1073 4773 1659 495 596 209 1357 2416 1184 43 4125 1067
1073 4773 1659 495 596 209 1357 2416 1184 43 1076 57
1073 4773 1659 495 596 209 1357 2416 1184 43 901 1067
1073 4773 1659 495 596 209 1357 2416 587 862 531 57
1073 4773 1659 495 596 209 1357 2416 691 43 1076 57
