1448 197 823 35
1984 472 479 211
663 1067 43 54
1719 1982 1669 344
415 3085 148 2428
415 3085 328 66
384 211 315 276
5043 1742 344 771
748 749 253 1082
587 209 1150 163
291 3187 360 942
313 1976 43 334
116 461 1737 5225
116 344 973 66
412 363 43 411
412 363 43 411
412 363 43 411
412 363 43 411
162 1606 66 1657
162 1606 65 161
1147 567 3767 2025
823 549 1280 202
823 549 1280 221
823 549 25 221
823 549 963 197
823 981 479 1690
823 35 25 221
5176 1043 1697 1079
1739 116 523 396
1739 116 523 396
1739 116 523 396
2860 334 534 1653
2860 334 163 1653
506 1280 202 2122
862 890 43 495
1429 213 368 877
1429 1280 751 1655
397 289 1060 396
823 293 289 567
823 240 14 197
823 240 396 1690
393 978 266 284
1709 1218 2280 1708
1709 1218 2280 1708
1499 942 291 221
1499 942 291 221
313 1976 43 334
313 1976 43 334
101 57 1073 1442
1275 178 1167 827
1275 178 1280 221
1275 178 537 94
1275 178 1409 9
1275 178 56 879
1275 178 480 1216
3986 1336 1076 382
1280 137 663 1016
1280 137 862 163
1280 137 209 1150
1189 1570 523 1657
1189 1570 368 178
1189 1570 368 1657
1189 1570 1356 178
1189 1570 1356 178
748 749 253 1082
2162 479 291 221
2100 479 1862 411
2100 479 1862 411
587 1367 138 2416
587 1367 38 614
587 208 838 344
587 208 163 696
4452 879 899 94
5259 967 2702 2370
441 183 2843 202
441 609 2843 202
395 2494 1442 513
395 25 744 93
1704 1088 1217 513
545 2910 1280 221
545 2910 1203 1344
1071 215 43 155
894 211 5 1368
894 744 154 152
894 744 137 663
894 744 6290 520
894 2018 3599 330
894 2018 549 1325
894 29 495 216
894 1268 717 468
894 1268 137 663
894 1477 650 1325
3441 9 1067 1356
3441 9 1248 1918
3441 9 500 523
45 1121 744 289
45 1121 744 289
45 1121 202 963
45 1121 1372 289
45 1121 1372 289
45 567 1280 221
45 567 549 963
45 1010 1011 289
45 1010 1011 289
45 276 5204 289
45 276 5204 289
45 1010 1011 289
45 1010 1011 289
45 1124 1121 289
45 1124 1121 289
45 1124 202 963
4708 43 334 2828
2044 981 479 283
2044 172 2282 283
2044 2166 1257 378
1395 1280 202 2822
1395 1280 2088 9
1395 9 442 2828
1395 9 1365 2828
4452 879 899 94
3411 1767 549 1280
2018 549 1325 894
2018 3599 1675 1206
2018 3599 330 894
245 1372 1280 221
3487 368 43 448
796 1216 823 202
796 2304 2123 202
1075 827 899 879
1075 827 56 879
18 1989 4251 1216
18 13 1789 1216
18 875 70 1216
543 2440 344 377
543 463 1441 57
543 463 869 57
2664 133 577 23
2664 133 577 23
2807 718 431 202
2110 43 1477 133
2110 43 1122 133
929 283 1336 25
929 403 653 25
1690 520 2469 2470
1690 1742 344 479
1690 823 202 1891
1690 823 202 520
1690 823 240 396
1690 823 981 479
1690 823 821 396
1690 823 43 1891
1690 1575 417 520
1690 4048 588 520
1690 2866 43 1891
1690 1944 43 1891
1690 1232 2178 9
1690 5318 43 1891
1690 2586 33 479
1690 1309 43 1891
1690 1309 368 1320
1690 520 2469 2470
1690 874 588 520
1690 1094 2469 2470
1690 1019 2469 2470
441 609 2843 202
441 609 90 253
441 367 39 86
441 367 468 86
441 367 1754 684
441 367 879 202
441 367 744 547
441 367 972 202
441 367 384 684
441 367 1257 547
441 202 138 483
441 202 35 227
441 202 48 227
441 202 378 348
441 202 33 348
441 718 431 202
441 183 2843 202
575 577 1061 1368
162 2923 869 751
162 94 1687 1486
162 178 1280 751
162 178 1409 163
162 178 1365 163
162 178 655 234
162 178 480 1181
162 178 1281 751
162 178 1795 751
162 137 862 163
162 208 1365 163
162 1606 65 161
162 1606 66 1657
162 1606 66 1657
162 1606 65 161
162 133 368 1657
162 133 1039 234
162 133 869 751
162 1167 1016 163
162 138 678 163
1697 1079 5176 1043
1332 2027 2983 344
204 898 273 978
1036 691 43 54
1036 1016 1280 54
4079 876 43 213
4079 1181 43 213
4079 163 696 1060
4079 163 587 213
4079 523 1657 213
4381 1011 389 2931
3694 8044 248 249
3694 53 200 95
663 1330 531 1358
663 208 234 2270
663 208 221 64
663 1016 1280 137
663 1016 1280 54
663 146 1268 137
663 4825 567 1429
663 4825 567 2270
663 1067 1429 1358
663 1067 1429 1037
663 1067 1429 1037
663 1067 43 54
663 1067 43 334
663 1067 1073 1358
663 1067 531 1358
663 894 744 137
663 894 1268 137
337 76 291 221
337 76 92 1145
1972 717 468 2679
1603 175 568 227
1603 175 568 283
5204 289 45 276
5204 289 1061 276
5204 289 45 276
4731 209 1150 163
2931 4381 1011 389
1147 567 3767 2025
1099 446 1453 1098
1099 1240 2843 289
294 138 678 1084
294 684 25 1084
1270 283 66 1657
1270 283 1336 827
1270 283 1061 1657
1270 180 1112 133
1270 213 368 1657
1270 213 368 133
516 66 38 138
516 66 116 344
516 66 43 138
516 66 43 2512
1795 751 162 178
692 577 1658 691
692 1357 2416 691
692 1357 2416 691
692 1357 2416 691
3902 1409 163 696
409 200 1216 823
409 200 1216 1061
296 568 2017 1061
296 568 1675 43
296 568 890 43
296 568 1767 43
296 568 368 239
296 568 368 43
296 568 411 43
296 568 1253 43
296 568 283 1061
296 568 57 43
296 568 58 1061
296 134 43 1061
296 6 1072 43
8012 1216 1061 1368
874 588 520 1690
874 1124 1121 685
1666 1124 202 430
1666 1124 2324 898
2420 133 86 13
2615 771 43 987
2615 1763 6 65
692 577 1658 691
692 1357 2416 691
692 1357 2416 691
692 1357 2416 691
1125 158 57 1073
1125 495 862 1112
2335 1280 446 178
360 372 800 869
360 372 43 1122
360 372 46 1122
360 2937 744 154
360 2937 744 494
360 1958 33 196
360 385 76 196
360 385 76 318
360 385 906 494
360 942 42 196
360 942 291 3187
360 942 133 869
360 942 101 318
360 942 350 196
2475 2191 567 513
2475 2191 1319 513
2475 2191 1319 513
899 879 1075 827
899 94 1167 827
899 94 4452 879
1439 872 1878 9
1254 2325 202 683
264 717 94 1687
1687 209 1150 5065
1687 138 717 94
1687 264 717 94
1687 1486 162 94
1687 0 495 216
56 879 1075 827
56 879 1275 178
56 879 527 4421
56 879 378 178
56 879 202 35
56 57 43 1477
480 1530 1356 178
480 368 239 1478
480 368 239 154
480 368 526 231
480 368 468 717
480 368 134 869
480 368 43 1076
480 368 43 483
480 368 133 717
480 368 133 869
480 153 90 77
480 153 250 567
480 153 250 567
480 153 134 869
480 1181 133 869
480 1181 133 717
480 1181 162 178
480 1181 43 483
480 1181 43 1076
480 1801 744 154
480 1801 744 4414
3247 38 40 86
330 894 2018 3599
330 266 1061 276
330 266 267 276
1779 1061 1657 1122
714 2248 513 66
714 4561 513 66
714 95 5 1365
714 2888 1319 1365
596 209 1150 2029
596 209 1150 368
1363 2819 6377 1121
1982 1669 344 1719
1183 116 344 2116
3646 43 1076 513
874 588 520 1690
874 1124 1121 685
1122 133 2110 43
1122 133 368 1657
1122 133 368 43
1122 133 134 43
1122 133 43 5793
1122 133 43 1076
1122 1779 1061 1657
1122 360 372 46
1122 360 372 43
1122 1944 5318 43
1122 1944 43 1076
1122 1944 43 5793
4651 43 1061 1657
208 1365 163 162
208 1365 163 587
208 1365 163 1302
208 577 967 427
208 838 344 587
208 221 64 663
208 221 138 678
208 213 368 526
208 163 1653 4012
208 163 696 587
208 234 156 1842
208 234 2270 663
208 234 2270 587
161 162 1606 65
161 162 1606 65
161 385 479 65
161 385 76 65
581 57 43 987
581 57 1441 455
581 3688 153 987
1281 48 1356 178
1281 344 2017 178
1281 344 43 334
1281 344 377 178
1281 751 162 178
1281 48 1356 178
1281 1280 446 178
471 33 479 350
4979 1336 862 665
4979 1336 1076 872
1307 976 1738 368
1307 359 1459 368
1307 359 368 1657
1307 500 523 1657
1307 500 1308 368
1559 5169 57 43
1559 5169 57 1441
1559 58 65 872
1559 58 57 43
1559 58 57 1441
1200 65 1336 467
684 567 5998 5631
684 567 2996 1754
684 567 3983 223
684 25 1084 294
684 25 689 1754
684 25 221 682
684 441 367 1754
684 441 367 384
684 4825 567 2215
684 681 103 320
684 681 103 1754
972 202 441 367
4815 43 2684 1
3862 266 455 4840
5793 1122 133 43
5793 1122 1944 43
253 441 609 90
253 43 1061 276
253 43 2469 276
253 43 1089 90
253 577 3465 276
253 577 1061 276
253 1082 748 749
253 1121 266 716
253 1121 744 289
253 1121 1372 289
253 1121 1372 276
253 268 3465 276
253 268 267 276
253 268 1061 276
1448 197 823 35
2732 2126 2088 138
2732 523 396 138
2732 134 43 138
2732 866 486 138
2732 500 573 138
2732 500 48 138
1429 1280 751 1655
1429 1280 1311 1167
1429 663 4825 567
1429 1358 663 1067
1429 368 900 1167
1429 368 178 1167
1429 1037 663 1067
1429 1037 663 1067
1429 213 368 877
1233 234 1150 163
1693 86 1442 101
1693 534 1365 100
226 906 389 2440
929 403 653 25
929 283 1336 25
1253 500 411 568
1253 500 1308 368
1253 6227 359 368
1253 6227 213 368
1253 1657 213 368
1253 43 296 568
1253 43 411 568
1253 43 213 368
1253 43 967 427
1253 43 54 368
76 65 1081 2717
76 65 1081 202
76 65 273 385
76 65 155 202
76 65 161 385
76 153 987 202
76 153 90 284
76 92 1145 337
76 92 269 284
76 92 93 202
76 291 168 202
76 291 168 284
76 291 221 337
76 291 218 348
76 318 2062 1380
76 318 360 385
76 183 655 1380
76 183 2843 202
76 196 195 284
